start,0,1,2,3,4,5,6,7,8,9,10,11
0.0,0.731,0.77,1.0,0.854,0.904,0.735,0.746,0.709,0.971,0.727,0.651,0.844
0.64435,0.705,0.695,0.62,0.81,0.671,0.607,0.516,0.762,1.0,0.747,0.741,0.637
1.10839,0.533,0.692,1.0,0.674,0.474,0.54,0.886,0.872,0.688,0.479,0.565,0.732
1.24109,0.709,0.737,0.656,0.613,0.937,0.665,0.785,0.518,0.396,0.886,1.0,0.817
1.36417,0.778,0.731,0.789,0.655,0.529,0.591,0.637,0.476,0.748,0.707,0.731,1.0
1.59039,0.928,1.0,0.957,0.53,0.685,0.82,0.746,0.556,0.643,0.551,0.835,0.952
1.66585,0.912,1.0,0.694,0.529,0.701,0.555,0.679,0.674,0.622,0.682,0.566,0.719
1.75315,0.394,0.478,0.548,0.556,0.545,0.615,0.596,1.0,0.869,0.433,0.472,0.39
1.93329,0.579,0.698,0.749,1.0,0.772,0.904,0.917,0.845,0.778,0.581,0.708,0.72
2.08957,0.005,0.008,0.233,0.009,0.009,0.018,0.044,1.0,0.099,0.014,0.009,0.016
2.68703,0.013,0.014,0.437,0.017,0.016,0.025,0.03,1.0,0.116,0.099,0.006,0.012
3.23234,0.005,0.006,0.113,0.011,0.006,0.011,0.027,1.0,0.114,0.021,0.016,0.413
3.95329,0.005,0.004,0.028,0.005,0.002,0.012,0.183,1.0,0.36,0.024,0.011,0.126
4.16127,0.002,0.002,0.024,0.003,0.002,0.007,0.041,1.0,0.102,0.006,0.002,0.045
4.50662,0.008,0.006,0.139,0.02,0.009,0.015,0.054,1.0,0.098,0.016,0.007,0.107
5.09737,0.002,0.002,0.038,0.003,0.001,0.003,0.011,1.0,0.108,0.012,0.002,0.009
5.68522,0.004,0.004,0.051,0.005,0.006,0.009,0.251,1.0,0.314,0.011,0.006,0.012
5.90789,0.003,0.004,0.098,0.005,0.004,0.009,0.114,1.0,0.144,0.004,0.004,0.01
6.24825,0.006,0.01,0.128,0.012,0.012,0.011,0.029,1.0,0.082,0.045,0.007,0.012
6.84844,0.003,0.009,0.242,0.013,0.006,0.013,0.022,1.0,0.152,0.021,0.005,0.016
7.38354,0.007,0.009,0.105,0.009,0.009,0.01,0.015,1.0,0.061,0.035,0.005,0.014
8.05551,0.006,0.007,0.095,0.011,0.012,0.017,0.026,1.0,0.144,0.026,0.006,0.015
8.53238,0.019,0.032,0.139,0.023,0.015,0.019,0.177,1.0,0.238,0.029,0.019,0.031
8.65361,0.016,0.023,0.283,0.019,0.007,0.012,0.152,1.0,0.154,0.072,0.01,0.025
8.9854,0.009,0.007,0.069,0.01,0.002,0.004,0.146,1.0,0.211,0.016,0.003,0.01
9.25125,0.004,0.008,0.111,0.006,0.007,0.013,0.141,1.0,0.18,0.017,0.012,0.013
9.51537,0.004,0.005,0.083,0.006,0.005,0.013,0.032,1.0,0.161,0.006,0.008,0.008
9.84857,0.006,0.008,0.142,0.011,0.007,0.007,0.114,1.0,0.17,0.041,0.003,0.007
10.14794,0.006,0.01,0.245,0.017,0.004,0.008,0.053,1.0,0.176,0.032,0.004,0.008
10.44231,0.002,0.005,0.129,0.005,0.004,0.006,0.014,1.0,0.131,0.019,0.005,0.026
11.03061,0.005,0.009,0.088,0.01,0.01,0.014,0.02,1.0,0.052,0.041,0.01,0.02
11.6663,0.005,0.009,0.057,0.006,0.004,0.005,0.018,1.0,0.057,0.013,0.004,0.01
12.56109,0.004,0.005,0.044,0.004,0.003,0.004,0.026,1.0,0.14,0.022,0.002,0.008
12.92109,0.007,0.01,0.327,0.014,0.015,0.032,0.048,1.0,0.169,0.034,0.011,0.027
13.31719,0.008,0.017,0.353,0.03,0.012,0.026,0.1,1.0,0.051,0.028,0.006,0.019
13.49397,0.003,0.004,0.054,0.005,0.003,0.006,0.017,1.0,0.117,0.019,0.003,0.005
14.04639,0.002,0.003,0.059,0.004,0.003,0.005,0.02,1.0,0.105,0.01,0.002,0.006
14.6229,0.008,0.01,0.133,0.01,0.006,0.01,0.023,1.0,0.101,0.05,0.007,0.013
15.27719,0.011,0.022,0.573,0.035,0.031,0.032,0.094,1.0,0.158,0.057,0.014,0.027
15.87669,0.005,0.007,0.096,0.005,0.003,0.003,0.027,1.0,0.134,0.026,0.005,0.006
16.23556,0.058,0.103,0.286,0.065,0.043,0.038,0.137,1.0,0.233,0.106,0.032,0.052
16.38739,0.092,0.108,0.332,0.042,0.046,0.063,0.114,1.0,0.286,0.102,0.044,0.066
16.53356,0.007,0.015,0.424,0.013,0.015,0.015,0.027,1.0,0.176,0.014,0.009,0.013
17.07769,0.004,0.006,0.055,0.008,0.023,0.007,0.019,1.0,0.092,0.024,0.003,0.005
17.67156,0.008,0.012,0.124,0.011,0.009,0.01,0.028,1.0,0.042,0.027,0.007,0.016
18.79261,0.002,0.002,0.05,0.005,0.004,0.005,0.027,1.0,0.118,0.011,0.002,0.005
19.15655,0.017,0.041,0.583,0.023,0.014,0.018,0.028,1.0,0.137,0.033,0.014,0.045
19.338,0.023,0.026,0.211,0.046,0.013,0.008,0.275,1.0,0.394,0.033,0.008,0.056
19.43923,0.005,0.006,0.067,0.006,0.005,0.005,0.025,1.0,0.163,0.298,0.005,0.009
20.02195,0.004,0.004,0.096,0.006,0.008,0.011,0.026,1.0,0.1,0.033,0.007,0.044
20.65066,0.004,0.004,0.101,0.008,0.005,0.008,0.015,1.0,0.074,0.018,0.004,0.009
21.86576,0.012,0.01,0.161,0.012,0.016,0.02,0.054,1.0,0.065,0.072,0.007,0.014
22.45855,0.005,0.01,0.284,0.009,0.008,0.008,0.028,1.0,0.073,0.021,0.005,0.015
23.06104,0.02,0.022,0.256,0.028,0.014,0.012,0.026,1.0,0.069,0.096,0.016,0.022
23.70934,0.004,0.006,0.205,0.008,0.005,0.008,0.027,1.0,0.065,0.006,0.005,0.007
24.259,0.017,0.028,0.155,0.02,0.124,0.024,0.103,1.0,0.24,0.966,0.008,0.023
24.56109,0.003,0.011,0.095,0.009,0.01,0.01,0.101,1.0,0.275,0.315,0.006,0.006
24.8107,0.003,0.005,0.066,0.005,0.008,0.005,0.014,1.0,0.082,0.118,0.004,0.032
25.45179,0.002,0.002,0.031,0.003,0.003,0.005,0.012,1.0,0.099,0.039,0.002,0.006
26.09995,0.003,0.003,0.084,0.012,0.007,0.009,0.042,1.0,0.218,0.029,0.004,0.01
26.61188,0.017,0.045,0.434,0.018,0.014,0.011,0.121,1.0,0.169,0.808,0.014,0.021
26.90658,0.004,0.01,0.241,0.011,0.004,0.003,0.121,1.0,0.246,0.505,0.003,0.008
27.19973,0.004,0.004,0.062,0.009,0.125,0.01,0.014,1.0,0.122,0.041,0.005,0.027
27.81147,0.003,0.003,0.06,0.005,0.025,0.007,0.013,1.0,0.086,0.028,0.004,0.007
28.45424,0.003,0.009,0.118,0.007,0.022,0.01,0.095,1.0,0.16,0.018,0.004,0.007
28.73202,0.015,0.032,0.16,0.021,0.028,0.011,0.045,1.0,0.119,0.033,0.014,0.021
29.26998,0.004,0.005,0.067,0.006,0.011,0.008,0.031,1.0,0.131,0.017,0.003,0.005
29.69234,0.008,0.009,0.098,0.013,0.015,0.014,0.032,1.0,0.14,0.023,0.009,0.023
30.23202,0.026,0.026,0.598,0.025,0.022,0.013,0.047,1.0,0.141,0.084,0.018,0.027
30.84649,0.119,0.008,0.087,0.004,0.013,0.005,0.022,1.0,0.076,0.007,0.005,0.01
31.47533,0.617,0.032,0.138,0.022,0.055,0.01,0.028,1.0,0.185,0.015,0.014,0.025
32.08413,0.862,0.038,0.053,0.008,0.063,0.005,0.014,1.0,0.089,0.006,0.007,0.026
32.64163,1.0,0.082,0.049,0.007,0.037,0.006,0.018,0.502,0.056,0.012,0.016,0.061
33.04281,1.0,0.17,0.023,0.003,0.017,0.003,0.015,0.179,0.021,0.003,0.008,0.068
33.31179,1.0,0.074,0.068,0.006,0.024,0.007,0.026,0.579,0.034,0.008,0.008,0.149
33.57052,1.0,0.107,0.035,0.004,0.016,0.002,0.011,0.231,0.013,0.002,0.006,0.198
33.8176,1.0,0.034,0.015,0.003,0.009,0.003,0.006,0.058,0.006,0.006,0.01,0.083
34.45497,1.0,0.051,0.026,0.005,0.011,0.004,0.006,0.155,0.008,0.005,0.007,0.027
35.66608,0.438,0.041,0.024,0.005,0.015,0.005,0.007,0.216,0.036,1.0,0.017,0.035
36.26259,1.0,0.056,0.019,0.009,0.015,0.005,0.007,0.091,0.017,0.286,0.013,0.043
36.86281,1.0,0.119,0.062,0.006,0.012,0.01,0.011,0.307,0.017,0.115,0.008,0.092
37.14853,1.0,0.168,0.031,0.007,0.01,0.01,0.012,0.15,0.007,0.043,0.005,0.065
37.4302,1.0,0.047,0.024,0.017,0.009,0.009,0.011,0.071,0.007,0.015,0.011,0.066
38.0424,1.0,0.05,0.112,0.022,0.02,0.022,0.018,0.233,0.02,0.03,0.017,0.102
38.55134,1.0,0.497,0.732,0.132,0.088,0.07,0.078,0.238,0.063,0.028,0.019,0.55
38.65029,0.869,0.059,1.0,0.123,0.021,0.015,0.022,0.232,0.025,0.168,0.021,0.048
39.27211,0.15,0.042,1.0,0.156,0.02,0.018,0.027,0.484,0.019,0.103,0.023,0.593
39.86834,0.026,0.043,1.0,0.117,0.006,0.006,0.015,0.101,0.009,0.036,0.012,0.151
40.2912,0.02,0.414,1.0,0.095,0.009,0.011,0.023,0.046,0.004,0.055,0.013,0.127
40.44834,0.014,0.019,1.0,0.099,0.005,0.005,0.014,0.06,0.005,0.042,0.014,0.283
40.95007,0.069,0.536,1.0,0.473,0.096,0.006,0.021,0.037,0.012,0.023,0.06,0.262
41.04798,0.006,0.028,1.0,0.106,0.008,0.006,0.011,0.187,0.005,0.038,0.007,0.058
41.6658,0.008,0.044,1.0,0.186,0.088,0.006,0.015,0.102,0.053,0.495,0.025,0.039
42.15905,0.008,0.211,1.0,0.282,0.086,0.005,0.022,0.096,0.019,0.123,0.019,0.042
42.31243,0.02,0.039,1.0,0.115,0.047,0.006,0.022,0.059,0.043,0.381,0.028,0.039
42.59138,0.017,0.112,1.0,0.22,0.042,0.009,0.02,0.062,0.065,0.265,0.035,0.03
42.80163,0.015,0.362,1.0,0.474,0.117,0.006,0.026,0.048,0.033,0.174,0.024,0.022
42.90567,0.006,0.048,1.0,0.137,0.025,0.01,0.028,0.594,0.028,0.086,0.009,0.025
43.14263,0.006,0.034,1.0,0.091,0.023,0.005,0.016,0.38,0.015,0.083,0.01,0.023
43.4517,0.019,0.027,1.0,0.109,0.012,0.005,0.024,0.12,0.007,0.05,0.025,0.844
44.07107,0.009,0.016,1.0,0.096,0.009,0.005,0.01,0.221,0.006,0.044,0.011,0.198
44.64635,0.007,0.053,1.0,0.084,0.01,0.006,0.019,0.254,0.008,0.052,0.011,0.121
45.25333,0.013,0.038,1.0,0.093,0.016,0.023,0.023,0.703,0.017,0.04,0.016,0.02
45.87823,0.012,0.042,1.0,0.095,0.016,0.015,0.019,0.245,0.013,0.087,0.02,0.014
46.47624,0.01,0.03,1.0,0.115,0.007,0.009,0.017,0.065,0.005,0.049,0.02,0.459
47.06753,0.009,0.038,1.0,0.127,0.006,0.006,0.019,0.217,0.01,0.023,0.011,0.206
47.3317,0.004,0.014,1.0,0.111,0.003,0.003,0.01,0.091,0.004,0.027,0.005,0.1
47.66948,0.102,0.321,1.0,0.394,0.059,0.01,0.061,0.129,0.039,0.178,0.138,0.628
47.78027,0.013,0.03,1.0,0.1,0.007,0.005,0.012,0.101,0.008,0.038,0.013,0.263
48.29433,0.013,0.037,1.0,0.117,0.011,0.008,0.027,0.543,0.013,0.036,0.01,0.168
48.59374,0.018,0.05,1.0,0.062,0.007,0.006,0.016,0.207,0.031,0.719,0.011,0.081
48.90757,0.01,0.035,1.0,0.1,0.013,0.015,0.02,0.281,0.014,0.093,0.014,0.09
49.5585,0.012,0.041,1.0,0.191,0.012,0.012,0.02,0.21,0.014,0.141,0.012,0.026
50.14494,0.01,0.031,1.0,0.119,0.005,0.006,0.017,0.345,0.007,0.048,0.017,0.384
50.67728,0.016,0.035,1.0,0.156,0.019,0.018,0.035,0.351,0.016,0.14,0.024,0.333
51.28966,0.011,0.035,1.0,0.095,0.006,0.004,0.023,0.054,0.005,0.042,0.022,0.653
51.7819,0.008,0.019,1.0,0.081,0.008,0.006,0.015,0.17,0.006,0.043,0.011,0.194
52.43909,0.014,0.059,1.0,0.06,0.014,0.021,0.023,0.339,0.018,0.064,0.018,0.123
53.08766,0.014,0.046,1.0,0.083,0.02,0.016,0.024,0.232,0.014,0.121,0.011,0.033
53.69075,0.01,0.03,1.0,0.097,0.01,0.01,0.022,0.389,0.01,0.043,0.02,0.422
54.2512,0.009,0.019,1.0,0.124,0.012,0.008,0.013,0.221,0.011,0.039,0.019,0.142
54.82544,0.008,0.024,1.0,0.147,0.008,0.009,0.015,0.062,0.006,0.038,0.019,0.368
55.48921,0.017,0.042,1.0,0.158,0.016,0.008,0.03,0.534,0.021,0.128,0.028,0.401
55.78603,0.011,0.113,1.0,0.184,0.006,0.008,0.026,0.122,0.01,0.042,0.017,0.122
55.98032,0.009,0.161,1.0,0.145,0.007,0.005,0.019,0.059,0.005,0.022,0.007,0.068
56.14721,0.013,0.038,1.0,0.056,0.011,0.017,0.022,0.337,0.014,0.054,0.013,0.098
56.71392,0.088,0.042,1.0,0.081,0.014,0.009,0.018,0.152,0.009,0.095,0.01,0.024
57.31673,0.033,0.033,1.0,0.114,0.011,0.011,0.023,0.112,0.007,0.07,0.022,0.567
57.91683,0.016,0.031,1.0,0.122,0.008,0.008,0.019,0.324,0.008,0.064,0.013,0.206
58.48576,0.012,0.032,1.0,0.094,0.006,0.007,0.027,0.46,0.01,0.067,0.021,0.576
59.09537,0.019,0.028,1.0,0.082,0.009,0.006,0.015,0.632,0.013,0.039,0.017,0.235
59.73524,0.553,0.034,1.0,0.082,0.013,0.005,0.011,0.301,0.01,0.039,0.015,0.024
60.33764,1.0,0.07,0.143,0.012,0.01,0.003,0.007,0.24,0.01,0.01,0.01,0.023
60.88839,1.0,0.046,0.116,0.021,0.34,0.012,0.02,0.185,0.012,0.014,0.018,0.282
61.35732,1.0,0.563,0.184,0.034,0.135,0.009,0.029,0.082,0.021,0.002,0.004,0.555
61.45587,1.0,0.077,0.056,0.007,0.051,0.006,0.011,0.241,0.013,0.009,0.007,0.089
61.79098,1.0,0.099,0.032,0.004,0.036,0.003,0.007,0.105,0.007,0.005,0.007,0.167
62.03374,1.0,0.145,0.036,0.015,0.035,0.009,0.015,0.103,0.015,0.013,0.012,0.188
62.21138,1.0,0.086,0.009,0.006,0.012,0.004,0.005,0.065,0.009,0.007,0.009,0.038
62.63927,1.0,0.502,0.197,0.066,0.08,0.042,0.143,0.364,0.233,0.088,0.045,0.41
62.74168,1.0,0.049,0.021,0.003,0.007,0.002,0.005,0.132,0.008,0.004,0.004,0.023
63.27955,1.0,0.075,0.008,0.004,0.01,0.003,0.005,0.117,0.01,0.008,0.01,0.024
63.74109,1.0,0.661,0.008,0.005,0.02,0.007,0.03,0.238,0.037,0.009,0.356,0.023
63.82136,1.0,0.069,0.098,0.014,0.031,0.011,0.014,0.642,0.029,0.015,0.025,0.071
64.41732,1.0,0.033,0.018,0.005,0.01,0.005,0.005,0.128,0.008,0.005,0.007,0.04
64.96825,1.0,0.48,0.135,0.009,0.019,0.01,0.042,0.172,0.031,0.008,0.01,0.442
65.07891,1.0,0.041,0.018,0.004,0.006,0.005,0.006,0.119,0.005,0.005,0.006,0.019
65.64336,1.0,0.054,0.183,0.022,0.012,0.01,0.014,0.296,0.012,0.011,0.014,0.022
66.25483,1.0,0.043,0.06,0.025,0.019,0.013,0.014,0.187,0.021,0.022,0.011,0.042
66.8971,1.0,0.064,0.117,0.011,0.012,0.012,0.012,0.189,0.027,0.013,0.009,0.086
67.50122,0.851,0.053,1.0,0.123,0.016,0.011,0.017,0.16,0.015,0.135,0.015,0.031
68.11333,0.157,0.041,1.0,0.201,0.017,0.016,0.033,0.586,0.019,0.155,0.027,0.475
68.661,0.031,0.035,1.0,0.091,0.005,0.004,0.01,0.161,0.005,0.033,0.007,0.051
69.26104,0.01,0.017,1.0,0.084,0.004,0.003,0.006,0.051,0.003,0.035,0.01,0.206
69.79088,0.051,0.569,1.0,0.529,0.119,0.003,0.015,0.026,0.007,0.016,0.036,0.157
69.88535,0.009,0.04,1.0,0.127,0.011,0.008,0.017,0.292,0.006,0.056,0.01,0.098
70.4522,0.012,0.039,1.0,0.173,0.008,0.008,0.019,0.246,0.007,0.045,0.012,0.141
71.1059,0.005,0.02,1.0,0.103,0.004,0.004,0.008,0.185,0.004,0.034,0.005,0.038
71.71941,0.062,0.176,1.0,0.402,0.023,0.007,0.051,0.181,0.021,0.126,0.06,0.494
71.85429,0.009,0.028,1.0,0.103,0.006,0.005,0.018,0.104,0.008,0.103,0.01,0.279
72.22522,0.006,0.032,1.0,0.06,0.005,0.004,0.012,0.187,0.005,0.036,0.006,0.046
72.71156,0.009,0.12,1.0,0.253,0.011,0.009,0.028,0.19,0.011,0.087,0.012,0.07
72.86327,0.008,0.015,1.0,0.081,0.004,0.004,0.011,0.102,0.004,0.029,0.012,0.284
73.44054,0.014,0.101,1.0,0.111,0.093,0.011,0.025,0.262,0.013,0.057,0.018,0.196
74.04635,1.0,0.067,0.689,0.079,0.131,0.016,0.024,0.504,0.016,0.044,0.021,0.05
74.55882,1.0,0.063,0.353,0.027,0.017,0.01,0.015,0.28,0.02,0.016,0.011,0.036
75.11773,1.0,0.384,0.1,0.016,0.012,0.004,0.036,0.148,0.022,0.007,0.007,0.394
75.23184,1.0,0.047,0.035,0.007,0.015,0.004,0.005,0.099,0.007,0.006,0.011,0.047
75.84499,1.0,0.019,0.042,0.005,0.01,0.003,0.006,0.264,0.008,0.005,0.005,0.028
76.45714,1.0,0.073,0.026,0.01,0.101,0.008,0.017,0.311,0.014,0.009,0.013,0.053
76.83574,1.0,0.262,0.027,0.007,0.028,0.006,0.014,0.42,0.011,0.005,0.008,0.108
77.06744,1.0,0.204,0.062,0.007,0.024,0.008,0.071,0.322,0.016,0.004,0.009,0.07
77.36517,1.0,0.108,0.024,0.004,0.005,0.002,0.01,0.111,0.005,0.003,0.003,0.025
77.71188,0.437,0.018,0.013,0.024,1.0,0.048,0.018,0.241,0.028,0.011,0.012,0.064
78.28045,0.065,0.016,0.024,0.016,1.0,0.049,0.03,0.607,0.024,0.01,0.023,0.847
78.91188,0.018,0.004,0.007,0.017,1.0,0.025,0.008,0.041,0.007,0.005,0.007,0.156
79.45705,0.026,0.007,0.006,0.022,1.0,0.046,0.05,0.024,0.007,0.006,0.012,0.339
79.82472,0.008,0.004,0.008,0.06,1.0,0.05,0.006,0.009,0.003,0.002,0.009,0.184
80.06776,0.018,0.011,0.115,0.026,1.0,0.044,0.016,0.037,0.008,0.063,0.01,0.112
80.66685,0.004,0.007,0.158,0.013,1.0,0.065,0.007,0.01,0.01,0.057,0.004,0.05
81.28127,1.0,0.041,0.038,0.013,0.343,0.024,0.008,0.201,0.017,0.029,0.017,0.052
81.88345,1.0,0.153,0.036,0.011,0.223,0.013,0.006,0.179,0.009,0.007,0.005,0.077
82.17918,1.0,0.127,0.03,0.007,0.11,0.012,0.006,0.211,0.01,0.006,0.008,0.045
82.48952,0.656,0.12,0.034,0.008,0.109,0.027,0.027,1.0,0.016,0.016,0.017,0.144
82.77297,1.0,0.141,0.017,0.003,0.024,0.003,0.004,0.158,0.005,0.002,0.005,0.068
83.07215,1.0,0.018,0.021,0.004,0.015,0.004,0.007,0.135,0.008,0.005,0.006,0.03
83.63855,1.0,0.047,0.007,0.002,0.006,0.002,0.002,0.054,0.004,0.005,0.006,0.023
84.11982,1.0,0.307,0.017,0.006,0.012,0.004,0.009,0.049,0.006,0.003,0.004,0.214
84.25973,1.0,0.617,0.04,0.01,0.025,0.012,0.023,0.068,0.04,0.017,0.211,0.03
84.34739,1.0,0.364,0.059,0.01,0.022,0.01,0.038,0.317,0.031,0.006,0.009,0.22
84.48567,1.0,0.084,0.008,0.002,0.004,0.002,0.003,0.04,0.004,0.004,0.003,0.031
84.86576,1.0,0.312,0.03,0.006,0.018,0.011,0.012,0.245,0.028,0.048,0.057,0.233
85.09039,1.0,0.284,0.036,0.018,0.039,0.014,0.021,0.25,0.021,0.011,0.01,0.3
85.23592,1.0,0.162,0.023,0.017,0.024,0.01,0.011,0.19,0.016,0.012,0.012,0.181
85.47197,1.0,0.096,0.078,0.025,0.031,0.017,0.02,0.422,0.04,0.02,0.039,0.07
86.09846,1.0,0.06,0.018,0.006,0.014,0.007,0.007,0.1,0.011,0.009,0.01,0.037
86.65678,1.0,0.036,0.02,0.005,0.008,0.007,0.009,0.122,0.006,0.005,0.005,0.015
87.23615,1.0,0.046,0.019,0.015,0.009,0.006,0.006,0.076,0.01,0.006,0.011,0.023
87.83029,1.0,0.061,0.081,0.034,0.023,0.017,0.025,0.424,0.029,0.027,0.02,0.137
88.43406,1.0,0.082,0.225,0.021,0.024,0.026,0.028,0.483,0.051,0.043,0.025,0.147
89.02086,0.494,0.176,1.0,0.075,0.024,0.024,0.082,0.381,0.054,0.176,0.022,0.102
89.28685,0.586,0.085,1.0,0.108,0.012,0.008,0.026,0.157,0.017,0.054,0.008,0.056
89.58757,0.096,0.047,1.0,0.118,0.015,0.015,0.029,0.342,0.018,0.121,0.023,0.288
90.80467,0.011,0.025,1.0,0.086,0.004,0.004,0.011,0.04,0.003,0.058,0.014,0.313
91.35483,0.016,0.02,0.497,0.041,0.013,0.011,0.016,0.026,0.049,1.0,0.018,0.162
91.70612,0.005,0.031,1.0,0.097,0.004,0.002,0.006,0.012,0.013,0.332,0.005,0.048
92.01551,0.011,0.04,1.0,0.074,0.01,0.004,0.008,0.003,0.023,0.545,0.012,0.013
92.32181,0.011,0.027,0.871,0.094,0.006,0.003,0.008,0.003,0.035,1.0,0.003,0.011
92.6312,0.006,0.021,1.0,0.123,0.011,0.002,0.006,0.004,0.014,0.363,0.005,0.007
93.21551,0.014,0.09,1.0,0.135,0.019,0.029,0.409,0.011,0.021,0.312,0.022,0.014
93.82934,0.01,0.041,1.0,0.081,0.014,0.007,0.044,0.004,0.011,0.13,0.006,0.006
94.35964,0.005,0.136,1.0,0.202,0.018,0.011,0.024,0.012,0.01,0.046,0.008,0.006
94.49782,0.006,0.014,1.0,0.096,0.006,0.005,0.008,0.168,0.004,0.029,0.005,0.006
95.06503,0.012,0.085,1.0,0.085,0.031,0.007,0.018,0.096,0.029,0.465,0.016,0.007
95.39243,0.012,0.047,1.0,0.082,0.009,0.004,0.015,0.06,0.005,0.098,0.007,0.008
95.69102,0.025,0.042,1.0,0.058,0.017,0.015,0.021,0.301,0.017,0.088,0.021,0.02
96.82317,0.008,0.021,1.0,0.119,0.014,0.007,0.014,0.207,0.024,0.158,0.015,0.008
97.31642,0.006,0.042,1.0,0.168,0.004,0.003,0.006,0.041,0.004,0.025,0.004,0.004
97.56603,0.007,0.018,1.0,0.183,0.005,0.005,0.01,0.061,0.008,0.048,0.01,0.007
98.01138,0.016,0.058,1.0,0.19,0.01,0.009,0.031,0.397,0.015,0.096,0.036,0.52
98.44218,0.011,0.035,1.0,0.094,0.007,0.004,0.011,0.084,0.005,0.036,0.011,0.134
98.74063,0.011,0.054,1.0,0.134,0.012,0.007,0.03,0.167,0.008,0.088,0.024,0.196
99.11705,0.019,0.16,1.0,0.165,0.009,0.011,0.017,0.076,0.023,0.092,0.016,0.067
99.32104,0.008,0.055,1.0,0.059,0.007,0.009,0.032,0.212,0.011,0.058,0.007,0.044
99.64535,0.004,0.082,1.0,0.205,0.007,0.008,0.043,0.118,0.028,0.025,0.006,0.025
99.83991,0.014,0.033,1.0,0.161,0.012,0.009,0.017,0.121,0.008,0.078,0.005,0.022
100.44136,0.007,0.025,1.0,0.072,0.006,0.006,0.012,0.288,0.006,0.04,0.005,0.016
101.17587,0.02,0.054,1.0,0.154,0.008,0.009,0.03,0.25,0.011,0.165,0.01,0.018
101.68036,0.011,0.027,1.0,0.065,0.007,0.005,0.018,0.624,0.01,0.041,0.007,0.013
102.23215,0.01,0.027,1.0,0.083,0.106,0.006,0.016,0.143,0.009,0.112,0.009,0.014
102.54562,0.01,0.041,1.0,0.079,0.015,0.002,0.009,0.104,0.004,0.052,0.004,0.011
102.83007,1.0,0.08,0.571,0.065,0.03,0.008,0.018,0.429,0.015,0.038,0.023,0.023
103.48522,1.0,0.129,0.247,0.015,0.02,0.019,0.025,0.994,0.027,0.025,0.015,0.072
103.78748,1.0,0.105,0.111,0.014,0.008,0.003,0.007,0.378,0.008,0.007,0.005,0.042
104.11215,0.792,0.099,0.148,0.035,1.0,0.027,0.026,0.583,0.013,0.022,0.019,0.153
104.42113,1.0,0.345,0.059,0.03,0.512,0.009,0.021,0.44,0.022,0.008,0.014,0.229
104.6137,1.0,0.017,0.015,0.007,0.052,0.003,0.006,0.096,0.005,0.005,0.008,0.027
105.29664,1.0,0.067,0.01,0.012,0.382,0.006,0.004,0.067,0.013,0.008,0.007,0.048
105.78594,1.0,0.05,0.007,0.006,0.06,0.003,0.026,0.148,0.009,0.005,0.009,0.018
106.46694,1.0,0.116,0.008,0.007,0.017,0.007,0.068,0.21,0.008,0.012,0.013,0.038
106.77814,1.0,0.135,0.01,0.005,0.017,0.004,0.029,0.481,0.011,0.004,0.006,0.095
107.03859,1.0,0.135,0.149,0.02,0.042,0.025,0.063,0.869,0.035,0.018,0.027,0.087
107.35116,1.0,0.116,0.109,0.014,0.021,0.009,0.088,0.67,0.029,0.013,0.018,0.18
107.64249,1.0,0.053,0.021,0.014,0.341,0.01,0.014,0.106,0.012,0.01,0.011,0.04
108.18658,1.0,0.041,0.006,0.005,0.038,0.006,0.009,0.028,0.006,0.005,0.005,0.013
108.84934,1.0,0.063,0.028,0.033,0.339,0.012,0.017,0.052,0.022,0.018,0.015,0.043
109.44993,1.0,0.083,0.245,0.036,0.105,0.021,0.027,0.093,0.03,0.048,0.03,0.053
110.12698,0.53,0.061,0.504,0.018,0.02,0.027,0.057,1.0,0.117,0.023,0.012,0.036
110.71365,0.51,0.032,0.688,0.019,0.018,0.027,0.024,1.0,0.132,0.119,0.017,0.024
111.27134,0.021,0.011,0.291,0.011,0.006,0.013,0.023,1.0,0.137,0.027,0.006,0.069
111.92068,0.01,0.006,0.042,0.005,0.003,0.013,0.168,1.0,0.481,0.026,0.004,0.021
112.12077,0.005,0.002,0.034,0.003,0.004,0.006,0.024,1.0,0.125,0.006,0.002,0.008
112.55306,0.005,0.004,0.108,0.016,0.006,0.014,0.058,1.0,0.076,0.01,0.016,0.44
113.11796,0.002,0.002,0.037,0.003,0.002,0.003,0.013,1.0,0.127,0.004,0.002,0.029
113.67093,0.003,0.004,0.086,0.005,0.005,0.008,0.032,1.0,0.079,0.008,0.004,0.019
114.74585,0.005,0.009,0.194,0.007,0.005,0.011,0.018,1.0,0.101,0.019,0.007,0.073
115.38449,0.003,0.005,0.112,0.008,0.006,0.007,0.017,1.0,0.05,0.006,0.006,0.033
116.01651,0.008,0.014,0.306,0.011,0.013,0.014,0.025,0.52,0.087,1.0,0.021,0.49
116.63986,0.007,0.011,0.047,0.012,0.005,0.011,0.123,1.0,0.146,0.458,0.008,0.165
116.93519,0.008,0.006,0.083,0.01,0.003,0.003,0.097,1.0,0.164,0.191,0.004,0.073
117.24667,0.012,0.016,0.42,0.055,0.007,0.007,0.019,1.0,0.108,0.729,0.01,0.013
117.899,0.012,0.027,0.927,0.18,0.037,0.012,0.022,0.339,0.107,1.0,0.013,0.017
118.42744,0.007,0.033,1.0,0.086,0.006,0.008,0.09,0.044,0.01,0.119,0.006,0.005
119.06685,0.007,0.025,1.0,0.089,0.019,0.004,0.025,0.043,0.02,0.232,0.01,0.003
119.55991,0.008,0.437,1.0,0.345,0.025,0.005,0.007,0.005,0.008,0.113,0.007,0.006
119.68186,0.016,0.08,1.0,0.096,0.01,0.009,0.015,0.018,0.023,0.39,0.007,0.012
119.95456,0.004,0.051,1.0,0.124,0.006,0.004,0.009,0.007,0.01,0.194,0.004,0.005
120.21424,0.017,0.032,1.0,0.136,0.023,0.008,0.018,0.012,0.022,0.238,0.011,0.096
120.82073,0.01,0.024,0.763,0.089,0.01,0.006,0.008,0.005,0.029,1.0,0.011,0.019
121.45279,0.007,0.031,0.66,0.111,0.034,0.005,0.008,0.005,0.048,1.0,0.012,0.004
121.75506,0.009,0.052,1.0,0.109,0.023,0.005,0.011,0.003,0.041,0.871,0.01,0.004
122.03215,0.011,0.151,1.0,0.275,0.019,0.008,0.02,0.004,0.033,0.488,0.018,0.009
122.19651,0.017,0.033,1.0,0.14,0.009,0.004,0.012,0.003,0.009,0.143,0.007,0.005
122.70689,0.01,0.023,1.0,0.101,0.015,0.005,0.008,0.004,0.011,0.113,0.006,0.009
123.32363,0.013,0.076,0.875,0.115,0.021,0.011,0.04,1.0,0.032,0.24,0.015,0.016
123.87488,0.02,0.135,1.0,0.116,0.031,0.051,0.49,0.202,0.022,0.106,0.04,0.021
124.43528,0.171,0.054,1.0,0.045,0.011,0.012,0.051,0.348,0.017,0.039,0.02,0.021
124.77315,1.0,0.16,0.507,0.077,0.036,0.021,0.085,0.806,0.015,0.036,0.016,0.044
125.09773,1.0,0.059,0.152,0.02,0.011,0.004,0.013,0.21,0.008,0.009,0.008,0.019
125.70068,1.0,0.046,0.055,0.02,0.458,0.007,0.008,0.143,0.011,0.008,0.017,0.055
126.19769,1.0,0.522,0.15,0.046,0.225,0.01,0.012,0.089,0.015,0.002,0.004,0.556
126.29764,1.0,0.022,0.048,0.008,0.096,0.006,0.008,0.341,0.01,0.007,0.007,0.027
126.92345,1.0,0.057,0.01,0.004,0.019,0.002,0.003,0.084,0.007,0.005,0.009,0.032
127.4312,1.0,0.054,0.296,0.005,0.015,0.003,0.005,0.198,0.009,0.022,0.005,0.025
128.04385,1.0,0.512,0.137,0.015,0.008,0.003,0.011,0.069,0.015,0.007,0.005,0.502
128.14957,0.278,0.05,0.375,0.025,0.022,0.022,0.054,1.0,0.097,0.07,0.019,0.293
129.32077,0.028,0.005,0.113,0.008,0.005,0.011,0.028,1.0,0.109,0.017,0.004,0.047
129.9044,0.019,0.012,0.104,0.008,0.005,0.008,0.062,1.0,0.215,0.047,0.005,0.018
130.21424,0.004,0.004,0.055,0.004,0.004,0.004,0.062,1.0,0.121,0.016,0.003,0.011
130.52848,0.007,0.006,0.107,0.015,0.008,0.01,0.063,1.0,0.116,0.023,0.006,0.017
130.94857,0.073,0.116,0.794,0.141,0.055,0.048,0.094,1.0,0.25,0.05,0.049,0.105
131.07796,0.013,0.025,0.176,0.021,0.01,0.009,0.163,1.0,0.244,0.077,0.011,0.019
131.31873,0.005,0.009,0.083,0.01,0.003,0.01,0.309,1.0,0.357,0.033,0.003,0.009
131.51982,0.003,0.004,0.056,0.004,0.006,0.009,0.008,1.0,0.089,0.009,0.005,0.006
132.22499,0.005,0.006,0.111,0.008,0.004,0.008,0.107,1.0,0.1,0.038,0.005,0.005
132.57347,0.005,0.012,0.14,0.013,0.007,0.018,0.249,1.0,0.282,0.026,0.009,0.008
132.80608,0.013,0.025,0.158,0.019,0.013,0.018,0.032,1.0,0.061,0.04,0.013,0.026
133.83556,0.016,0.056,0.345,0.026,0.021,0.032,0.102,1.0,0.165,0.106,0.009,0.04
133.98789,0.015,0.029,0.725,0.016,0.016,0.019,0.026,1.0,0.122,0.061,0.012,0.026
134.6234,0.02,0.025,0.243,0.033,0.016,0.019,0.062,1.0,0.125,0.103,0.015,0.024
135.15705,0.106,0.212,1.0,0.195,0.066,0.067,0.111,0.567,0.156,0.163,0.071,0.093
135.26898,0.006,0.009,0.195,0.005,0.006,0.007,0.015,1.0,0.094,0.016,0.005,0.007
135.91483,0.009,0.007,0.181,0.012,0.007,0.009,0.028,1.0,0.15,0.037,0.005,0.01
136.51324,0.004,0.005,0.095,0.009,0.008,0.01,0.025,1.0,0.112,0.021,0.013,0.343
137.1117,0.003,0.005,0.083,0.008,0.008,0.011,0.021,1.0,0.064,0.009,0.007,0.103
137.73084,0.005,0.004,0.067,0.009,0.006,0.007,0.039,1.0,0.127,0.007,0.015,0.444
138.22993,0.098,0.007,0.05,0.006,0.008,0.006,0.015,1.0,0.116,0.013,0.008,0.134
138.83206,0.023,0.02,0.616,0.013,0.01,0.024,0.047,1.0,0.102,0.023,0.012,0.02
139.43546,0.005,0.006,0.134,0.008,0.005,0.008,0.013,1.0,0.104,0.027,0.004,0.009
140.0493,0.005,0.004,0.105,0.01,0.005,0.007,0.032,1.0,0.153,0.02,0.02,0.643
140.6502,0.003,0.003,0.042,0.003,0.004,0.007,0.018,1.0,0.111,0.007,0.006,0.079
141.24839,0.014,0.022,0.74,0.026,0.017,0.02,0.061,1.0,0.071,0.028,0.028,0.743
141.80939,0.008,0.008,0.099,0.011,0.068,0.007,0.027,1.0,0.128,0.01,0.008,0.122
142.44544,0.392,0.03,0.446,0.01,0.013,0.008,0.016,1.0,0.134,0.014,0.011,0.019
143.07066,0.812,0.07,0.217,0.008,0.011,0.007,0.032,1.0,0.109,0.007,0.007,0.036
143.46676,1.0,0.275,0.034,0.01,0.014,0.005,0.026,0.187,0.013,0.008,0.006,0.244
143.61075,1.0,0.033,0.049,0.009,0.105,0.011,0.02,0.263,0.032,0.015,0.011,0.028
144.84036,1.0,0.045,0.014,0.005,0.018,0.003,0.008,0.088,0.01,0.009,0.012,0.087
145.43515,1.0,0.058,0.023,0.003,0.009,0.003,0.005,0.14,0.016,0.416,0.008,0.028
146.04059,1.0,0.039,0.222,0.01,0.021,0.018,0.016,0.362,0.022,0.189,0.017,0.104
146.69179,0.487,0.097,1.0,0.074,0.02,0.018,0.058,0.324,0.027,0.044,0.009,0.061
146.99837,0.046,0.012,1.0,0.061,0.005,0.005,0.018,0.144,0.007,0.036,0.003,0.015
147.36014,0.12,0.033,0.742,0.141,0.01,0.01,0.029,0.156,0.011,0.07,0.033,1.0
147.90571,0.064,0.051,1.0,0.07,0.008,0.007,0.015,0.073,0.007,0.126,0.013,0.224
148.49605,0.018,0.034,1.0,0.069,0.02,0.016,0.032,0.448,0.035,0.052,0.012,0.248
149.76757,0.711,0.052,1.0,0.094,0.021,0.011,0.027,0.943,0.012,0.068,0.039,0.034
150.11057,1.0,0.185,0.333,0.057,0.024,0.005,0.013,0.567,0.008,0.035,0.01,0.096
150.38,1.0,0.16,0.273,0.031,0.016,0.011,0.017,0.807,0.014,0.022,0.008,0.066
150.67533,1.0,0.163,0.128,0.023,0.012,0.003,0.009,0.319,0.009,0.007,0.005,0.088
150.94163,1.0,0.059,0.061,0.011,0.018,0.006,0.008,0.2,0.012,0.013,0.016,0.071
151.46354,1.0,0.361,0.074,0.028,0.021,0.015,0.048,0.187,0.06,0.023,0.012,0.392
151.58553,1.0,0.079,0.031,0.005,0.014,0.005,0.011,0.265,0.012,0.006,0.008,0.17
151.82349,1.0,0.414,0.105,0.008,0.012,0.002,0.028,0.239,0.03,0.003,0.005,0.561
151.93057,1.0,0.189,0.015,0.003,0.005,0.002,0.006,0.099,0.006,0.003,0.006,0.229
152.13692,1.0,0.044,0.195,0.004,0.006,0.003,0.003,0.061,0.007,0.015,0.008,0.023
152.67161,1.0,0.063,0.039,0.01,0.359,0.007,0.005,0.147,0.013,0.01,0.008,0.029
153.30259,0.952,0.066,1.0,0.019,0.077,0.028,0.023,0.58,0.028,0.061,0.017,0.047
153.90961,0.708,0.11,1.0,0.147,0.07,0.03,0.046,0.383,0.049,0.159,0.021,0.046
154.28458,0.062,0.091,1.0,0.2,0.014,0.013,0.063,0.196,0.048,0.062,0.005,0.019
154.48295,0.175,1.0,0.216,0.037,0.069,0.069,0.138,0.143,0.068,0.078,0.011,0.008
154.56404,0.251,0.042,1.0,0.225,0.017,0.019,0.026,0.478,0.021,0.118,0.015,0.023
155.0458,0.163,0.056,1.0,0.149,0.023,0.017,0.034,0.245,0.018,0.283,0.023,0.036
155.56812,0.264,1.0,0.179,0.03,0.027,0.03,0.069,0.094,0.046,0.127,0.03,0.007
155.64476,0.02,0.029,1.0,0.067,0.012,0.008,0.015,0.185,0.01,0.063,0.011,0.017
156.76109,0.003,0.362,1.0,0.265,0.009,0.002,0.008,0.034,0.004,0.019,0.003,0.005
156.90372,0.014,0.02,0.751,0.11,0.011,0.007,0.013,0.008,0.028,1.0,0.01,0.008
157.49016,0.007,0.025,1.0,0.121,0.02,0.005,0.009,0.005,0.024,0.489,0.009,0.007
158.11583,0.006,0.026,1.0,0.097,0.008,0.003,0.007,0.002,0.01,0.218,0.004,0.003
158.42476,0.006,0.064,1.0,0.109,0.009,0.003,0.007,0.002,0.009,0.115,0.006,0.003
158.66308,0.014,0.036,1.0,0.076,0.021,0.004,0.015,0.004,0.016,0.219,0.008,0.008
159.23011,0.005,0.022,1.0,0.146,0.006,0.004,0.007,0.002,0.003,0.066,0.007,0.005
159.64857,0.01,0.145,1.0,0.069,0.006,0.003,0.007,0.002,0.002,0.015,0.002,0.005
159.83098,0.008,0.06,1.0,0.106,0.024,0.003,0.009,0.005,0.031,0.323,0.008,0.006
160.25995,0.011,0.107,1.0,0.105,0.013,0.006,0.01,0.004,0.006,0.108,0.008,0.011
160.49111,0.018,0.059,1.0,0.086,0.019,0.013,0.013,0.009,0.016,0.103,0.015,0.008
161.12304,0.006,0.03,1.0,0.086,0.221,0.007,0.009,0.007,0.007,0.066,0.012,0.007
161.6517,0.008,0.027,1.0,0.121,0.068,0.009,0.112,0.007,0.006,0.042,0.014,0.006
162.21764,0.011,0.028,1.0,0.151,0.046,0.01,0.03,0.01,0.039,0.914,0.015,0.012
162.92172,0.009,0.037,1.0,0.056,0.008,0.003,0.007,0.002,0.009,0.174,0.006,0.004
163.46717,0.015,0.058,1.0,0.123,0.052,0.01,0.022,0.011,0.078,0.853,0.023,0.011
163.95732,0.013,0.153,1.0,0.142,0.014,0.003,0.01,0.003,0.009,0.181,0.01,0.005
164.16009,0.007,0.037,1.0,0.068,0.013,0.014,0.018,0.305,0.015,0.043,0.008,0.012
164.7346,0.015,0.035,1.0,0.164,0.011,0.012,0.014,0.15,0.008,0.092,0.011,0.01
165.32771,0.013,0.033,1.0,0.097,0.008,0.01,0.031,0.125,0.009,0.084,0.025,0.783
165.92984,0.015,0.05,1.0,0.121,0.009,0.011,0.036,0.521,0.018,0.063,0.021,0.38
166.43483,0.039,0.394,1.0,0.421,0.081,0.014,0.06,0.174,0.04,0.051,0.05,0.19
166.53429,0.008,0.034,1.0,0.062,0.005,0.004,0.01,0.061,0.005,0.03,0.012,0.271
167.00363,0.01,0.025,1.0,0.111,0.082,0.01,0.018,0.263,0.009,0.048,0.012,0.166
167.63619,0.377,0.05,1.0,0.084,0.012,0.003,0.006,0.204,0.006,0.017,0.009,0.016
168.23465,1.0,0.075,0.286,0.023,0.013,0.005,0.01,0.445,0.012,0.015,0.009,0.037
168.71306,1.0,0.039,0.102,0.01,0.017,0.007,0.01,0.182,0.009,0.01,0.015,0.049
169.4473,1.0,0.019,0.022,0.004,0.011,0.003,0.005,0.154,0.006,0.003,0.006,0.035
170.02948,1.0,0.052,0.015,0.005,0.007,0.003,0.006,0.073,0.006,0.006,0.008,0.074
170.62018,1.0,0.053,0.043,0.005,0.007,0.004,0.009,0.272,0.023,0.562,0.009,0.031
171.21755,1.0,0.069,0.362,0.018,0.031,0.033,0.044,0.57,0.139,0.255,0.021,0.165
171.81034,0.06,0.018,0.433,0.016,0.014,0.02,0.026,1.0,0.124,0.143,0.016,0.026
172.42689,0.026,0.008,0.153,0.009,0.004,0.009,0.02,1.0,0.111,0.026,0.005,0.014
173.01088,0.012,0.006,0.086,0.005,0.003,0.005,0.024,1.0,0.092,0.03,0.004,0.006
173.58463,0.006,0.01,0.279,0.01,0.008,0.007,0.02,1.0,0.055,0.032,0.005,0.007
174.21574,0.006,0.006,0.103,0.005,0.004,0.004,0.011,1.0,0.111,0.039,0.004,0.006
174.85429,0.097,0.011,0.081,0.003,0.003,0.005,0.099,1.0,0.137,0.013,0.005,0.007
175.15542,0.867,0.086,0.203,0.013,0.019,0.006,0.046,1.0,0.128,0.012,0.011,0.041
175.51429,1.0,0.08,0.082,0.01,0.021,0.008,0.025,0.536,0.036,0.01,0.009,0.033
175.97197,1.0,0.281,0.061,0.016,0.016,0.007,0.037,0.25,0.021,0.013,0.014,0.311
176.10621,1.0,0.364,0.146,0.019,0.04,0.015,0.097,0.44,0.076,0.023,0.02,0.345
176.21111,1.0,0.063,0.029,0.006,0.013,0.006,0.007,0.131,0.018,0.008,0.012,0.045
176.64458,1.0,0.102,0.113,0.013,0.031,0.015,0.033,0.845,0.038,0.011,0.014,0.146
176.90494,1.0,0.44,0.151,0.016,0.01,0.004,0.063,0.3,0.06,0.006,0.005,0.565
177.00023,1.0,0.206,0.032,0.009,0.006,0.004,0.021,0.141,0.014,0.005,0.004,0.38
177.13837,1.0,0.586,0.018,0.004,0.005,0.004,0.009,0.059,0.01,0.007,0.259,0.039
177.22522,1.0,0.053,0.195,0.008,0.01,0.005,0.01,0.329,0.011,0.013,0.01,0.036
177.79379,1.0,0.058,0.042,0.006,0.009,0.003,0.007,0.178,0.017,0.372,0.007,0.022
178.41819,1.0,0.054,0.251,0.012,0.021,0.016,0.017,0.277,0.02,0.119,0.017,0.111
179.06168,0.156,0.034,1.0,0.111,0.015,0.01,0.014,0.207,0.015,0.105,0.013,0.04
179.72703,0.173,0.042,1.0,0.205,0.015,0.015,0.026,0.166,0.014,0.108,0.035,0.992
180.27891,0.053,0.039,1.0,0.089,0.007,0.006,0.013,0.048,0.005,0.048,0.013,0.132
180.80834,0.127,0.033,1.0,0.058,0.008,0.007,0.013,0.034,0.006,0.068,0.014,0.194
181.45905,0.033,0.033,1.0,0.104,0.007,0.007,0.013,0.018,0.004,0.063,0.011,0.117
182.05991,0.018,0.027,0.824,0.087,0.016,0.008,0.014,0.004,0.042,1.0,0.015,0.017
182.3644,0.015,0.035,1.0,0.127,0.007,0.003,0.008,0.002,0.031,0.808,0.005,0.016
182.67134,0.015,0.037,1.0,0.112,0.022,0.027,0.101,0.013,0.03,0.511,0.015,0.012
183.56254,0.007,0.065,1.0,0.131,0.01,0.013,0.119,0.003,0.016,0.296,0.008,0.004
183.78549,0.006,0.034,1.0,0.047,0.02,0.005,0.025,0.005,0.025,0.375,0.009,0.004
184.13683,0.015,0.139,1.0,0.214,0.015,0.005,0.021,0.003,0.012,0.13,0.009,0.009
184.30558,0.011,0.027,1.0,0.108,0.01,0.009,0.024,0.415,0.017,0.087,0.011,0.013
184.9942,0.014,0.087,1.0,0.129,0.029,0.018,0.207,0.093,0.033,0.284,0.019,0.014
185.65991,0.879,0.073,0.749,0.098,0.031,0.02,0.061,1.0,0.02,0.081,0.025,0.027
186.05052,1.0,0.053,0.308,0.028,0.019,0.013,0.036,0.368,0.037,0.031,0.017,0.034
186.72159,1.0,0.606,0.063,0.006,0.017,0.005,0.022,0.186,0.025,0.014,0.275,0.101
186.79814,1.0,0.036,0.035,0.005,0.012,0.004,0.004,0.121,0.007,0.005,0.014,0.037
187.48345,1.0,0.033,0.244,0.005,0.007,0.004,0.006,0.072,0.005,0.018,0.006,0.018
188.11057,1.0,0.057,0.018,0.005,0.104,0.004,0.005,0.115,0.01,0.006,0.007,0.014
189.42862,0.639,0.05,1.0,0.077,0.023,0.011,0.018,0.47,0.027,0.189,0.017,0.16
189.97497,0.087,0.029,1.0,0.149,0.012,0.011,0.014,0.168,0.014,0.08,0.012,0.087
190.43401,0.194,0.078,1.0,0.207,0.011,0.007,0.018,0.126,0.009,0.062,0.01,0.086
190.61519,0.03,0.034,1.0,0.069,0.005,0.003,0.008,0.03,0.003,0.034,0.006,0.015
191.47057,0.014,0.571,1.0,0.404,0.048,0.005,0.011,0.008,0.004,0.091,0.013,0.013
191.57864,0.007,0.087,1.0,0.148,0.007,0.002,0.008,0.01,0.003,0.019,0.004,0.005
191.78921,0.015,0.118,1.0,0.104,0.008,0.008,0.015,0.023,0.006,0.056,0.005,0.013
192.20748,0.004,0.286,1.0,0.201,0.006,0.005,0.008,0.004,0.001,0.024,0.003,0.003
192.36245,0.007,0.473,1.0,0.283,0.011,0.003,0.005,0.002,0.001,0.04,0.004,0.002
192.49111,0.007,0.031,1.0,0.174,0.006,0.005,0.01,0.006,0.002,0.04,0.005,0.003
193.01732,0.004,0.031,1.0,0.126,0.006,0.004,0.011,0.008,0.003,0.052,0.004,0.002
193.30005,0.003,0.043,1.0,0.127,0.003,0.001,0.003,0.002,0.001,0.027,0.002,0.001
193.55637,0.006,0.028,1.0,0.172,0.01,0.003,0.008,0.005,0.004,0.052,0.004,0.002
193.88621,0.015,0.236,1.0,0.319,0.035,0.003,0.016,0.004,0.006,0.04,0.006,0.003
194.0034,0.005,0.08,1.0,0.107,0.007,0.003,0.011,0.004,0.003,0.062,0.004,0.003
194.23293,0.008,0.199,1.0,0.21,0.012,0.003,0.01,0.002,0.002,0.059,0.005,0.002
194.39864,0.005,0.146,1.0,0.156,0.003,0.002,0.008,0.001,0.003,0.038,0.003,0.004
194.59551,0.01,0.046,1.0,0.195,0.007,0.002,0.016,0.004,0.003,0.034,0.007,0.006
194.83791,0.008,0.049,1.0,0.132,0.006,0.007,0.012,0.004,0.004,0.055,0.008,0.008
195.08381,0.014,0.242,1.0,0.209,0.005,0.005,0.004,0.002,0.004,0.026,0.005,0.006
195.23592,0.007,0.022,1.0,0.121,0.003,0.002,0.005,0.002,0.002,0.013,0.003,0.004
195.83401,0.014,0.085,1.0,0.124,0.008,0.005,0.012,0.005,0.006,0.064,0.009,0.011
196.06422,0.008,0.041,1.0,0.105,0.015,0.014,0.013,0.005,0.005,0.049,0.009,0.007
196.50295,0.022,0.362,1.0,0.566,0.116,0.009,0.014,0.004,0.006,0.053,0.021,0.007
196.60871,0.005,0.082,1.0,0.098,0.003,0.003,0.006,0.004,0.006,0.018,0.004,0.006
196.84689,0.009,0.038,1.0,0.119,0.014,0.018,0.014,0.012,0.008,0.041,0.012,0.007
197.65687,0.007,0.439,1.0,0.506,0.095,0.007,0.012,0.005,0.004,0.04,0.01,0.011
197.75791,0.007,0.019,1.0,0.097,0.004,0.003,0.004,0.005,0.003,0.023,0.005,0.006
198.12921,0.008,0.023,1.0,0.145,0.004,0.003,0.008,0.003,0.004,0.045,0.006,0.003
198.76898,0.011,0.358,1.0,0.23,0.004,0.004,0.01,0.003,0.004,0.025,0.004,0.005
198.91111,0.01,0.467,1.0,0.322,0.021,0.007,0.011,0.002,0.002,0.028,0.005,0.006
199.03333,0.016,0.047,1.0,0.145,0.01,0.009,0.02,0.007,0.006,0.058,0.012,0.011
199.53279,0.009,0.075,1.0,0.111,0.006,0.003,0.007,0.003,0.005,0.068,0.007,0.004
199.7961,0.016,0.106,1.0,0.09,0.014,0.011,0.014,0.008,0.012,0.059,0.011,0.011
200.03401,0.008,0.023,1.0,0.09,0.01,0.006,0.012,0.004,0.004,0.036,0.006,0.004
201.01782,0.008,0.03,1.0,0.207,0.005,0.004,0.008,0.003,0.004,0.061,0.006,0.006
201.39927,0.01,0.05,1.0,0.214,0.01,0.005,0.015,0.004,0.006,0.038,0.005,0.005
201.62408,0.011,0.305,1.0,0.269,0.015,0.006,0.021,0.003,0.005,0.052,0.006,0.005
201.75923,0.008,0.047,1.0,0.128,0.005,0.003,0.01,0.002,0.004,0.092,0.008,0.003
202.17016,0.011,0.022,1.0,0.091,0.01,0.008,0.015,0.005,0.006,0.05,0.01,0.009
