start,0,1,2,3,4,5,6,7,8,9,10,11
0.0,15.628,137.681,97.397,-381.202,16.069,-84.273,75.708,-65.218,-33.074,50.353,140.088,-28.088
0.61524,44.416,122.979,25.148,77.72,69.92,-20.615,-32.24,31.006,-12.203,0.954,1.738,-11.612
1.49769,41.273,28.051,37.48,-8.904,58.587,-23.883,-5.7,16.38,-27.606,37.114,25.364,-4.22
1.63107,42.121,48.869,8.087,73.737,46.784,-61.433,-10.114,35.163,-15.758,5.901,-1.986,6.47
1.82844,39.286,75.1,65.383,58.239,55.736,-79.029,16.136,37.608,-0.169,-4.733,-5.008,-9.293
1.96798,36.42,79.749,65.054,46.6,55.861,2.501,-28.46,41.279,-24.097,3.847,-17.16,-0.11
2.33365,36.312,105.016,65.181,101.292,93.21,16.181,-42.358,11.298,-51.441,24.407,-28.769,13.987
2.68186,38.605,1.151,-14.958,87.706,45.606,-0.215,7.092,41.196,2.955,-23.371,1.298,16.799
2.9658,37.042,-19.673,45.114,68.025,76.715,-27.215,-11.592,15.979,5.043,-10.46,-38.513,5.907
3.69773,37.695,-14.075,-2.837,105.75,95.643,-23.058,1.126,-14.588,5.244,25.283,10.971,-8.831
4.38789,39.125,-22.099,2.739,90.103,80.53,-35.75,2.716,-20.616,-5.993,26.939,-21.34,0.814
4.73723,38.761,57.601,43.728,39.161,59.335,-15.704,-17.505,-0.155,6.853,-16.717,0.594,-14.58
4.9171,36.693,-67.926,13.376,0.19,37.772,-42.854,-28.867,12.231,7.997,34.171,4.416,-0.105
5.01574,41.639,28.495,91.128,-35.908,63.922,7.545,12.972,39.849,19.744,-20.431,-29.668,-1.287
5.26562,39.258,127.2,14.369,119.218,41.757,-34.117,-23.55,-48.235,-7.549,7.485,-43.551,-1.506
5.42753,39.698,29.801,6.565,43.462,33.311,-49.508,-16.129,-1.941,6.472,-26.377,4.293,-10.34
5.66449,39.015,-21.972,98.835,12.253,63.761,-30.75,-9.29,7.258,4.002,-11.274,-18.876,15.449
5.76422,45.674,98.801,-14.879,63.499,65.825,-39.63,-22.681,56.358,9.305,-9.677,-2.212,-12.799
6.26336,37.88,159.552,59.808,-35.748,80.402,-22.209,-38.713,-3.758,-15.646,1.496,-5.965,-21.818
6.45515,39.955,138.224,79.2,6.747,53.303,-43.064,-29.068,-11.634,-31.104,5.764,-3.463,-21.617
6.53651,39.947,132.591,97.489,8.875,73.298,-25.757,-49.802,-3.771,-16.568,-18.735,2.154,-2.025
7.01129,43.785,52.44,47.412,-8.892,46.064,-44.453,-6.158,24.474,23.882,-9.684,4.909,24.294
7.12848,43.949,57.471,41.131,45.94,43.853,-68.136,10.089,24.276,-22.837,1.431,10.307,11.886
7.3258,41.359,77.032,98.987,44.215,43.394,-64.286,29.651,21.279,-7.372,-12.359,-11.858,-13.625
7.46517,40.112,86.176,110.334,32.157,44.021,-8.462,-16.273,27.475,-18.795,-0.832,-5.954,1.296
7.8132,39.903,116.107,117.695,41.637,87.454,8.766,-27.46,-18.643,-24.82,16.689,-23.707,6.55
8.0229,37.319,118.285,128.972,24.473,94.116,-30.74,-22.254,4.359,13.519,-8.38,7.751,50.988
8.14476,39.354,49.769,62.549,20.578,47.874,-19.213,4.618,20.017,-33.498,37.06,-19.099,23.472
8.46331,40.014,-10.54,62.852,25.164,61.902,-13.018,-4.807,14.579,-5.183,-18.205,-34.5,3.991
8.8644,40.197,-17.183,94.852,73.48,57.956,-80.879,-11.453,11.511,-33.73,16.587,10.221,19.254
8.95125,40.01,-21.645,97.166,71.555,59.48,-91.379,-17.346,9.984,-23.508,20.089,16.387,25.832
9.03832,41.88,-17.365,120.01,38.067,56.993,-66.645,-8.471,-1.776,-37.092,1.577,-3.569,23.439
9.201,40.22,-20.686,17.075,71.413,59.017,-54.243,-2.715,-15.515,-9.45,14.969,-24.77,-4.146
9.5493,39.053,-0.964,100.685,100.521,48.261,-93.051,-11.149,-16.501,-40.964,23.691,12.687,18.596
9.63637,38.765,13.305,126.921,97.751,63.956,-98.35,-20.341,-16.621,-46.159,24.875,24.756,24.143
9.72354,38.05,3.718,115.855,117.175,62.8,-90.499,-26.409,-23.319,-48.884,18.341,-1.059,28.948
9.80485,38.351,-1.171,117.801,114.676,70.028,-75.02,-25.181,-20.537,-51.433,29.982,10.584,29.773
9.88567,41.733,-3.327,31.771,31.476,68.783,-49.955,6.293,2.205,-15.939,23.243,-8.882,2.867
10.07143,44.646,63.369,57.954,-46.352,99.788,12.16,-37.354,8.377,-6.165,7.434,5.969,-11.475
10.39651,44.446,99.887,9.941,-59.544,77.73,-11.008,-41.088,47.332,14.379,5.167,11.852,1.554
10.55347,47.297,68.655,38.469,3.861,79.772,-23.938,-18.02,5.198,-6.527,3.446,-20.457,14.236
10.76245,42.999,152.049,47.276,38.671,34.249,-37.476,-36.526,-30.692,-9.067,8.625,-15.706,8.166
10.84481,38.986,79.995,30.213,112.769,110.918,-18.72,-37.787,30.599,-9.21,-15.395,-23.358,14.481
11.26163,46.667,93.012,-20.548,47.75,66.08,-46.478,-13.641,48.617,9.332,-9.515,-5.506,-8.375
11.60413,42.907,106.0,-11.54,85.692,95.592,-30.074,-28.14,41.432,-1.256,11.894,-3.984,-4.42
12.28331,32.829,120.71,22.449,-28.817,137.946,-26.642,-75.936,-13.867,10.214,-11.694,-11.259,-16.181
12.49846,39.736,-15.362,1.553,-24.966,65.532,-79.268,3.579,9.879,-18.106,-5.565,18.03,2.901
12.56821,39.642,36.421,15.202,32.175,85.108,-18.773,8.793,23.696,-12.897,-17.642,-67.869,17.943
12.81769,37.707,65.223,22.189,90.809,85.137,-89.832,14.407,39.702,9.94,-2.794,-24.262,7.179
12.96249,34.495,52.849,21.521,67.127,102.519,24.681,-15.66,55.974,-17.584,-6.316,-22.93,8.564
13.31655,34.719,97.141,42.222,102.083,113.883,28.094,-33.035,-0.961,-53.174,23.355,-27.972,13.656
13.67025,37.871,-12.498,-27.383,102.062,55.179,-10.282,14.242,38.277,-5.819,-24.373,4.463,16.069
13.95533,38.063,-34.808,42.516,43.95,77.076,-12.165,-1.442,12.819,-6.422,-20.407,-54.474,11.596
14.36762,35.505,1.452,31.054,128.036,58.716,-102.485,8.052,11.751,0.553,21.385,-29.235,9.296
14.51342,33.948,-25.493,45.512,59.99,83.608,74.421,12.499,29.047,-14.292,-23.719,-37.984,8.408
14.6917,39.238,-22.907,-2.516,89.777,81.559,-46.061,3.915,-15.315,-6.902,25.717,-25.414,2.999
15.05215,34.957,-17.664,39.517,136.745,48.155,-100.511,9.046,1.335,1.258,32.006,-19.293,9.58
15.1961,33.386,-37.671,50.237,69.569,78.479,82.207,11.839,15.187,-8.533,-31.113,-43.475,9.844
15.37692,39.143,-24.417,-0.871,91.299,76.524,-40.28,3.609,-20.809,-7.622,24.997,-26.802,2.515
15.7263,38.642,55.774,43.568,40.038,59.24,-15.237,-17.48,-0.632,6.749,-17.486,2.552,-14.311
15.90531,36.723,-66.186,13.162,0.292,38.698,-41.658,-29.858,11.932,7.541,33.983,3.82,0.187
16.00481,41.623,27.449,92.359,-35.884,63.551,8.031,14.28,40.752,20.319,-22.137,-29.808,-1.971
16.25388,39.281,130.048,10.779,118.313,40.379,-36.505,-25.734,-47.377,-3.903,7.825,-42.324,-2.512
16.41034,39.477,28.118,10.419,45.33,36.541,-31.374,-12.732,4.291,5.109,-21.35,16.386,-9.541
16.6546,39.095,-20.3,99.013,10.177,63.324,-32.596,-10.848,9.184,3.02,-11.383,-16.827,14.873
16.75351,45.541,97.661,-20.498,65.556,68.214,-42.859,-23.945,57.62,12.213,-10.251,-6.511,-11.116
17.25247,34.819,174.065,35.12,-26.62,128.889,-24.657,-64.486,9.133,7.794,1.836,-11.521,-19.215
17.41501,34.843,142.571,27.289,-2.426,132.212,-25.787,-65.214,-17.162,-14.262,3.625,-7.419,-18.813
17.53673,33.507,150.596,17.07,-4.286,139.052,-29.709,-90.846,-17.002,11.813,-9.093,-8.199,-14.374
17.76925,32.119,131.045,27.655,-36.316,149.219,-22.491,-81.117,-3.183,10.141,-3.602,-13.138,-12.727
17.96023,37.216,7.672,-2.1,-45.146,103.482,16.975,-8.859,-7.201,-22.726,49.978,-9.712,4.168
18.05973,39.606,35.042,14.747,28.227,85.835,-21.295,11.671,21.67,-12.846,-18.611,-66.824,19.499
18.30893,37.844,63.662,23.492,92.359,84.66,-73.71,17.146,41.115,11.616,1.367,-17.563,4.132
18.45438,34.063,52.117,23.88,57.04,103.875,24.204,-16.402,55.351,-18.08,-2.67,-28.595,8.426
18.81361,35.172,97.761,43.795,111.619,110.121,17.644,-36.231,4.461,-56.443,26.016,-31.784,14.493
19.16798,38.054,-9.66,-26.376,110.045,53.285,-21.318,16.117,35.119,-6.279,-27.523,9.678,17.219
19.44739,37.94,-34.68,44.531,38.924,75.378,-12.618,-0.333,12.973,-9.872,-14.58,-48.712,11.522
19.8537,39.26,-33.47,89.262,91.153,67.944,-86.039,-5.787,6.968,-51.752,16.731,10.128,16.464
19.94032,39.02,-41.651,90.834,93.181,64.984,-97.243,-7.471,1.188,-45.356,21.361,15.498,17.048
20.02735,38.877,-41.089,97.268,91.048,57.337,-105.041,-7.817,0.642,-43.559,20.967,20.143,15.573
20.11401,39.356,-34.067,92.47,70.193,68.192,-106.429,-11.928,23.436,-46.068,19.852,8.936,17.407
20.1898,39.512,-25.035,0.309,85.122,73.746,-53.493,-0.479,-13.864,-5.706,17.857,-38.76,3.79
20.53184,38.95,-0.17,98.346,114.624,54.897,-68.625,-5.337,-25.836,-44.103,17.232,25.219,14.416
20.62526,37.82,-3.857,115.101,124.767,73.526,-90.135,-23.002,-29.073,-51.021,21.113,-1.838,27.559
20.70662,37.835,-2.481,118.811,126.457,65.615,-76.951,-23.107,-26.945,-57.346,24.354,9.015,28.304
20.79274,38.351,-0.851,119.505,115.109,71.883,-81.178,-24.496,-20.26,-54.008,30.958,10.483,29.165
20.87524,41.687,-3.984,32.328,30.247,68.368,-52.849,9.421,0.953,-18.169,22.7,-7.82,3.024
21.05469,44.202,62.775,57.368,-55.528,102.226,15.655,-35.534,7.519,-4.632,10.539,-1.003,-10.111
21.39161,44.704,101.936,5.08,-53.176,81.731,-13.04,-41.512,44.429,18.348,-0.548,17.596,0.778
21.54218,47.424,68.388,41.593,1.919,79.778,-24.845,-17.752,4.068,-6.2,3.873,-17.857,15.172
21.74549,43.147,153.764,45.855,35.476,37.299,-29.425,-35.683,-28.961,-9.089,5.12,-15.233,7.007
21.83229,38.883,83.225,34.532,117.406,114.313,-20.581,-40.55,30.239,-9.941,-18.489,-20.691,15.282
22.25088,48.37,113.65,17.467,14.627,38.298,-28.756,-17.886,52.494,6.94,-13.1,-2.596,-16.421
22.59311,48.408,103.087,3.835,49.635,41.368,-36.134,-28.246,32.954,-4.026,-13.209,0.783,-7.139
23.02236,42.193,89.397,8.199,-31.717,19.711,-27.227,-4.794,-4.816,-15.084,-8.004,-22.776,-7.289
23.26059,44.807,111.812,-5.31,31.614,55.33,21.836,-37.125,33.79,-8.712,-8.248,2.742,-16.8
23.45787,41.199,62.069,42.231,-14.509,67.522,-24.751,-16.741,-16.318,-37.12,56.123,-6.94,-2.993
23.61442,43.754,32.406,-16.925,67.59,26.479,-66.069,0.864,37.371,-8.531,10.843,-13.873,2.281
23.80059,40.349,102.906,43.048,70.953,73.019,-53.764,19.694,27.483,-14.6,27.161,-6.029,-7.006
23.94522,42.937,108.824,0.689,47.168,65.03,51.943,-25.371,51.762,-10.235,2.501,3.791,-1.028
24.22426,37.347,87.413,-5.14,11.787,18.972,-47.502,-29.495,10.91,-7.414,-29.148,-3.66,0.366
24.31147,41.088,102.421,63.45,36.808,65.039,7.581,-12.178,-9.548,-48.0,43.016,-34.47,27.191
24.48476,39.973,37.346,-59.082,57.69,-3.093,-91.203,-10.676,23.75,-17.368,6.975,-26.624,-0.102
24.65361,46.31,88.063,-27.69,82.451,57.135,-23.744,-23.511,27.155,-0.361,-24.878,-41.866,28.472
24.82798,43.876,88.873,-9.523,-19.472,27.335,-59.167,11.368,3.455,-16.785,-10.637,-4.998,-6.353
24.9907,43.03,20.773,-9.76,69.754,53.301,-62.358,7.429,22.587,11.348,9.265,-6.532,-7.683
25.33828,44.251,97.928,-26.572,75.914,70.07,-42.204,-40.532,15.753,19.636,-13.659,-16.412,-14.575
25.60041,38.895,81.86,40.741,-2.888,84.995,-45.585,-11.541,19.621,26.911,-22.794,0.981,-21.461
25.76794,38.342,49.818,11.885,1.361,61.702,-52.533,-14.293,-4.098,37.211,-8.511,4.153,-10.85
25.85605,40.238,8.403,-51.839,60.161,26.644,-88.549,3.825,-9.028,-10.694,22.912,-28.872,-18.245
26.02322,45.039,91.712,-27.556,69.02,72.32,-23.046,-41.366,8.843,16.198,-20.092,-35.884,-3.396
26.19846,39.143,15.065,-4.573,1.917,73.724,-41.421,-17.25,-45.865,-11.4,65.906,-7.341,-6.456
26.2849,40.809,6.583,40.316,-20.303,67.368,-22.149,6.317,42.456,-3.388,1.726,-49.271,-6.072
26.70839,45.471,94.17,-15.242,65.83,59.787,-11.428,-42.13,13.8,4.917,-17.997,-13.244,0.093
26.88889,41.374,38.842,10.687,-21.462,78.535,-70.313,-24.733,-17.365,-10.818,61.349,27.577,-1.803
27.03351,45.506,77.609,53.36,10.863,59.059,-21.806,17.655,10.826,13.852,-17.462,-11.444,5.635
27.23134,43.706,78.95,-60.931,94.73,10.861,-30.721,-6.379,-17.806,-0.387,-3.692,-48.799,-6.185
27.39878,46.172,94.778,-23.609,58.746,49.954,-36.02,-36.475,13.735,9.67,-25.805,-30.051,-0.121
27.56748,44.354,66.361,8.784,-9.799,45.124,-39.064,15.587,-1.545,-12.146,10.543,-4.704,-12.233
27.74794,45.641,55.051,-9.268,68.26,46.095,-59.199,-14.043,26.142,2.629,4.321,-3.471,-8.023
28.08449,47.697,80.438,-3.575,46.606,60.245,-13.391,-15.893,4.778,6.549,-4.029,-20.445,13.849
28.25937,42.048,111.394,34.234,-14.234,59.984,-51.104,-21.562,-10.858,-4.649,16.221,-1.435,-17.387
28.50776,41.343,83.355,51.232,4.633,13.432,-32.981,-29.215,9.86,-7.489,-2.12,7.706,7.114
28.60113,44.238,57.401,-1.074,15.282,-9.8,-56.574,-11.302,6.072,-3.879,13.536,-4.865,-18.443
28.76399,45.844,109.432,9.393,34.971,52.2,-18.37,-39.042,12.499,4.799,-6.933,17.476,-10.523
28.99029,43.612,41.925,50.978,-4.134,43.669,-40.013,-6.133,12.858,27.187,-12.754,0.954,26.737
29.09488,44.956,45.552,19.375,42.05,26.892,-29.267,24.267,21.13,-12.543,24.054,9.814,10.712
29.29805,41.746,90.263,89.188,57.071,52.4,-64.962,31.97,8.301,-16.875,18.62,-12.59,-10.351
29.44893,45.627,101.976,25.291,60.246,51.887,12.01,-22.078,37.885,-14.088,-8.766,18.599,-2.471
29.71574,40.345,84.835,36.668,-1.357,19.244,-44.042,-19.49,17.389,13.175,-14.154,15.043,-2.241
29.7971,42.552,101.567,85.741,31.157,61.714,-1.472,-3.84,-24.048,-26.951,27.419,-20.278,13.077
29.9771,43.331,52.481,-13.799,15.224,1.471,-69.648,11.048,14.622,4.995,18.068,-11.492,25.011
30.122,45.516,82.886,5.727,11.712,50.469,38.091,13.618,27.0,-7.797,3.422,-24.248,19.657
30.31959,44.51,79.995,-3.763,-9.6,20.775,-52.402,12.22,5.099,-21.957,-9.221,-3.136,-10.449
30.48735,43.802,16.961,8.275,53.026,46.288,-71.877,3.336,26.08,-4.7,11.742,-6.096,-4.978
30.83619,44.67,102.498,-20.873,60.834,71.352,-43.86,-37.587,13.241,22.081,-16.379,-17.25,-15.568
31.08,38.528,48.708,23.558,-2.827,74.493,-23.476,-2.589,4.399,32.976,-3.075,5.403,-7.108
31.17859,43.864,28.126,29.157,24.552,63.113,-63.956,2.726,-5.942,-11.853,17.6,-8.282,9.909
31.35302,41.103,-5.893,-30.132,43.049,30.359,-100.792,6.269,-12.322,-6.609,19.341,-29.466,-29.018
31.52082,43.705,88.216,-23.248,96.646,76.506,-46.199,-35.093,3.782,20.002,-25.939,-27.099,-16.283
31.8629,44.106,-2.448,2.169,43.237,34.228,-62.049,22.502,-0.767,-13.244,21.105,-14.086,1.109
32.0434,45.447,83.885,65.754,-50.972,104.486,-17.104,-28.028,3.044,-16.627,33.701,-9.683,-15.184
32.20141,48.967,72.805,11.243,26.213,66.906,-23.509,-52.828,-8.879,-0.65,-4.577,-23.647,0.673
32.37442,45.662,112.014,-2.729,-48.121,85.49,-20.377,-35.885,20.899,-1.431,16.849,17.693,1.673
32.53107,47.812,74.499,43.113,-7.839,78.653,-24.747,-6.563,-5.459,-5.284,2.78,-13.348,14.882
32.72254,46.896,93.084,-27.116,21.942,12.634,-28.992,-2.182,-10.493,-5.043,2.648,-19.165,-2.704
32.83302,41.483,74.626,0.466,98.851,74.232,-22.364,-22.649,42.078,2.726,-26.573,-53.373,12.307
33.23937,45.994,27.429,-11.392,65.006,37.837,-35.616,6.2,1.915,-2.087,12.784,-21.126,1.438
33.41338,39.361,92.261,1.38,14.013,76.569,-55.874,-26.748,-30.66,1.966,3.591,-22.974,-10.174
33.58277,46.758,81.992,-21.709,70.319,57.445,-48.667,-25.432,24.342,9.574,-15.971,-0.221,1.052
34.01116,37.752,68.531,5.012,-7.314,32.298,-63.27,-30.123,-6.297,14.861,-19.53,23.575,-6.482
34.099,39.284,13.491,-62.687,56.589,13.795,-96.374,-9.919,0.633,-14.965,11.444,-34.105,-12.381
34.26594,44.557,99.906,-38.757,72.504,64.214,-26.53,-59.319,14.872,10.6,-27.006,-42.991,0.064
34.44073,38.839,35.417,27.021,-5.916,77.821,-20.612,-9.817,-45.627,-38.548,56.647,-17.92,-0.267
34.60385,41.857,-7.677,-44.908,108.397,42.77,-62.158,7.557,22.294,-14.97,7.984,-38.466,6.493
34.78317,38.439,82.873,-1.125,108.362,95.035,-24.538,20.378,19.669,-8.936,40.061,-16.248,1.855
34.94667,43.622,102.132,-25.693,96.851,72.405,19.809,-31.437,52.373,-3.135,-1.709,12.154,7.315
35.21351,36.434,84.299,-23.08,10.579,33.983,-56.185,-32.943,11.97,12.097,-29.655,6.447,6.102
35.29986,40.928,95.065,64.19,40.508,67.353,4.217,-12.546,-11.155,-45.818,51.211,-35.706,30.255
35.46853,39.246,23.523,-73.965,82.45,11.573,-82.546,-5.719,11.776,-28.878,12.267,-35.301,-0.352
35.6429,45.748,82.372,-27.793,83.049,60.878,-18.824,-21.968,26.946,2.189,-26.091,-46.286,30.347
35.81669,43.937,86.648,-5.33,-16.486,21.515,-59.563,7.537,3.53,-17.628,-7.975,-4.037,-7.963
35.98009,42.708,14.719,-10.378,70.302,58.868,-65.174,10.138,25.803,3.324,11.491,-11.081,-8.468
36.32848,44.155,96.097,-25.276,74.673,72.295,-44.693,-40.426,15.542,19.029,-15.993,-16.255,-14.933
36.58844,38.907,81.615,39.849,-7.566,85.784,-48.186,-13.497,15.265,27.495,-22.294,-1.969,-20.421
36.75732,38.418,52.095,13.614,-2.067,59.224,-55.646,-14.361,-11.652,36.843,-8.515,7.739,-9.777
36.84426,39.987,6.823,-59.036,62.465,34.971,-89.955,6.967,-6.644,-9.465,20.635,-36.045,-15.058
37.01234,45.089,93.419,-28.304,67.305,73.581,-23.051,-41.406,11.812,16.854,-19.952,-34.89,-2.391
37.18649,38.829,19.497,-12.955,1.314,76.706,-45.742,-21.034,-50.312,0.086,66.711,-4.248,-3.301
37.27433,40.693,5.182,40.644,-17.584,67.364,-23.87,7.164,42.424,-4.152,1.468,-48.884,-7.323
37.7039,45.981,94.294,-17.985,61.068,52.44,-34.046,-41.716,8.613,8.831,-31.114,-25.287,3.561
37.8712,41.373,45.819,8.816,-13.387,78.57,-55.335,-24.17,-23.425,-14.757,56.254,27.968,-4.107
38.01741,45.269,72.999,56.142,9.64,61.396,-19.242,15.245,12.449,14.866,-14.218,-12.862,2.969
38.22018,43.58,73.255,-57.468,93.885,7.552,-30.881,-7.561,-14.446,1.969,-3.813,-48.367,-5.939
38.38803,46.162,93.408,-22.31,58.079,47.909,-35.719,-37.773,17.35,10.176,-22.551,-30.284,0.58
38.5566,44.184,63.852,7.388,-11.311,46.859,-35.335,17.527,0.164,-11.976,10.685,1.189,-12.124
38.73692,45.328,48.826,-13.962,71.985,48.88,-59.608,-12.52,26.483,1.634,5.734,-6.75,-5.845
39.07297,43.773,107.368,-31.133,82.75,61.815,-41.532,-53.801,27.097,7.514,-24.006,-13.677,-10.055
39.33506,37.866,93.723,21.514,-9.124,60.282,-44.963,-32.205,10.872,1.07,-33.835,0.885,-0.886
39.50889,37.394,59.519,-10.841,2.481,43.008,-57.134,-42.064,-9.386,17.486,-20.711,10.483,-6.815
39.59002,39.626,15.791,-69.743,72.095,15.842,-84.405,-11.524,5.213,-20.256,19.453,-33.547,-9.165
39.75964,44.158,99.65,-40.368,73.773,61.353,-16.977,-60.831,25.06,11.427,-20.914,-31.982,-1.258
39.93841,39.168,26.089,22.559,1.019,76.978,-30.234,-5.341,-36.404,-33.4,61.003,-14.832,3.505
40.09478,41.748,-4.321,-46.841,105.873,36.214,-60.959,8.527,22.528,-21.777,10.889,-31.622,7.239
40.28086,38.061,75.727,7.14,106.336,94.138,-60.487,24.424,20.99,-12.111,28.317,-24.337,1.696
40.44331,44.149,102.45,-23.082,103.571,65.767,-11.691,-40.491,55.724,-5.307,-12.856,-5.524,11.184
40.70463,36.772,91.618,-14.043,2.835,28.125,-56.236,-30.028,19.052,12.068,-21.023,16.22,3.179
40.79741,41.082,88.328,62.25,55.13,66.146,-4.928,-16.309,-0.124,-44.867,49.445,-31.486,30.827
40.96594,38.852,22.324,-73.897,77.424,10.441,-89.714,-4.872,14.882,-26.141,9.831,-39.269,-1.185
41.13424,46.134,78.117,-34.456,67.573,54.513,-8.239,-14.372,32.014,-1.081,-17.034,-37.627,27.943
41.30821,43.834,81.492,-13.435,-9.603,23.25,-58.495,8.274,4.891,-17.62,-4.948,-2.157,-5.856
41.47619,47.158,80.875,36.128,19.013,30.386,-38.846,6.39,24.823,-1.766,-15.568,5.979,-16.601
41.8249,48.347,82.837,40.216,44.77,54.169,-42.685,2.175,10.122,-18.389,-25.542,6.931,15.587
42.08032,44.248,53.317,68.702,24.55,73.669,-39.657,7.949,22.034,-23.361,-0.007,6.834,-1.265
42.16707,45.303,45.267,36.447,16.654,71.62,-65.216,4.287,7.995,-6.344,6.842,-8.674,-4.411
42.34163,43.983,27.239,-3.141,8.843,30.057,-79.576,4.711,-2.81,3.601,13.509,-19.977,-22.947
42.5098,47.787,78.633,43.49,61.628,57.31,-43.21,-13.809,-1.582,-22.716,-31.886,0.647,6.392
42.77129,41.657,35.668,112.115,52.658,77.35,-78.847,-28.409,-0.127,-47.039,16.221,31.928,18.721
42.85796,44.453,-9.588,8.678,30.192,32.846,-73.403,26.919,3.246,-12.733,17.456,-19.799,0.5
43.02694,45.292,83.476,60.594,-52.656,105.716,-8.93,-27.937,-1.066,-12.762,27.027,-6.577,-15.091
43.18902,48.838,68.392,11.196,24.117,65.045,-24.44,-52.815,-2.443,-0.805,-11.157,-25.906,1.923
43.36331,45.594,103.834,-2.539,-51.053,84.948,-22.423,-34.852,19.139,-2.251,13.081,15.324,2.939
43.52005,47.458,75.242,29.163,3.917,60.714,-40.042,-1.273,7.181,-1.014,0.764,1.848,16.77
43.6015,47.447,59.866,18.72,41.599,82.614,-36.651,-37.376,0.21,-9.175,11.61,-20.645,25.425
43.71161,47.035,95.278,-24.725,19.906,9.05,-26.067,-3.171,-11.494,-3.66,0.991,-18.492,-4.024
43.82213,41.679,68.037,-0.892,93.814,72.481,-21.474,-22.905,39.468,2.68,-24.442,-50.944,11.632
44.22816,49.104,85.769,-2.231,4.04,48.856,-33.85,8.578,39.145,-4.628,1.728,-7.259,-4.317
44.37311,46.343,189.352,55.602,17.637,18.154,-13.646,-48.05,-0.604,-2.902,-11.472,-21.551,-33.631
44.57061,48.412,100.519,7.721,49.022,39.33,-44.822,-25.501,30.107,-5.785,-17.183,-2.128,-5.139
45.00014,40.758,133.721,8.935,-10.573,26.026,-58.039,-33.636,12.467,-5.698,-15.812,0.397,-12.474
45.07587,43.254,86.722,-19.532,17.016,6.678,-45.336,-4.643,11.73,-23.931,27.478,12.666,-17.662
45.25537,45.961,110.482,-12.929,53.305,50.623,-32.893,-51.629,23.584,-3.925,-23.689,-17.415,-9.399
45.42975,41.152,77.943,38.56,-22.307,71.353,-15.726,-21.39,-25.899,-29.768,50.726,-12.636,1.958
45.59229,44.088,34.906,-14.825,59.29,25.831,-67.75,0.051,41.302,-9.632,11.462,-8.665,-1.412
45.77234,40.185,106.163,35.501,73.763,71.183,-38.886,19.068,20.778,-18.7,37.092,-1.171,-6.67
45.92345,43.184,110.18,-4.042,52.138,64.595,48.105,-25.023,55.351,-11.435,3.14,12.908,-3.169
46.20168,37.45,91.614,-3.09,10.499,18.532,-55.861,-29.941,13.774,-10.873,-25.88,4.475,0.436
46.2888,41.374,105.16,64.519,32.009,69.987,3.837,-11.248,-8.998,-47.035,43.891,-31.549,29.26
46.45705,40.549,52.311,-61.51,55.781,7.159,-80.399,-10.511,25.741,-16.803,13.165,-17.937,3.174
46.63234,46.307,87.165,-26.046,76.333,57.359,-25.726,-24.27,33.53,-1.158,-23.823,-40.447,27.159
46.80558,44.014,88.468,-7.31,-16.678,25.77,-63.027,9.788,2.771,-20.532,-4.741,-5.657,-6.602
46.96834,43.333,28.902,-4.238,60.954,56.764,-65.171,5.15,30.69,6.602,7.9,-6.584,-9.708
47.3161,44.496,101.462,-23.621,68.773,69.662,-46.525,-42.397,17.049,17.983,-18.441,-15.255,-16.887
47.57782,39.105,83.578,39.347,-6.115,83.134,-53.303,-14.65,15.762,26.657,-16.294,-2.59,-18.376
47.74667,38.658,60.141,6.776,0.729,66.76,-64.021,-16.123,-9.616,29.252,0.504,1.091,-12.344
47.83374,40.933,27.392,-54.092,45.09,32.769,-90.006,1.391,1.44,0.444,22.448,-19.777,-11.357
48.00168,45.249,96.407,-24.394,59.774,71.211,-26.146,-42.807,17.213,16.946,-15.656,-28.502,-4.582
48.17524,39.95,35.419,7.477,-6.883,89.531,-45.016,-10.459,-38.438,-12.6,63.615,-7.811,-6.365
48.30948,43.641,36.776,17.976,42.841,58.815,-22.329,-2.707,38.624,8.9,-4.858,-16.179,-5.339
48.68054,45.314,93.305,-17.217,53.635,59.85,9.65,-34.191,21.303,8.58,-10.098,5.138,-4.619
48.86635,41.896,46.848,11.195,-18.192,78.119,-72.219,-28.037,-10.7,-14.519,51.145,19.3,-1.798
49.00535,45.371,79.044,55.164,6.577,62.14,-21.118,15.661,15.069,12.757,-15.456,-13.437,2.771
49.20934,43.982,85.907,-55.924,85.343,10.384,-35.908,-9.13,-5.047,3.412,2.52,-43.377,-3.443
49.37732,46.202,93.915,-21.595,57.837,49.969,-35.78,-35.84,17.511,7.578,-21.161,-25.973,0.947
49.54567,44.552,68.75,7.851,-9.13,47.952,-41.671,15.39,-3.071,-12.416,16.523,-5.704,-9.846
49.72526,45.725,55.103,-7.96,63.372,46.537,-62.232,-14.716,32.462,1.396,6.408,-5.011,-6.297
50.06231,46.906,90.493,-3.432,50.169,50.95,-47.742,-22.801,19.812,7.06,-5.901,9.339,-2.017
50.48649,41.207,91.405,43.583,-3.597,10.199,-31.065,-36.752,1.778,-10.372,-0.276,10.521,-1.564
50.57923,44.334,55.41,0.566,17.501,-11.169,-58.207,-13.027,8.096,-3.641,17.797,-8.489,-18.393
50.7415,46.122,108.103,5.932,29.532,47.183,-11.838,-38.52,11.106,3.695,-7.474,14.956,-7.587
50.92721,43.289,71.547,58.763,-12.847,61.206,-33.381,-12.731,-12.333,-1.828,50.633,-8.578,19.36
51.07211,45.136,48.294,19.091,37.914,25.087,-32.511,24.337,26.051,-14.394,24.942,10.004,11.081
51.26966,42.03,97.25,85.022,56.697,53.192,-59.004,32.713,9.87,-21.452,22.072,-6.375,-11.839
51.42639,45.784,102.905,23.179,61.231,51.809,1.961,-24.306,42.142,-13.773,-8.736,18.123,-2.576
51.69968,40.101,87.495,32.222,-2.214,12.762,-58.736,-23.261,4.281,11.426,-16.44,7.418,-0.823
51.76916,42.21,104.644,82.015,17.227,64.776,1.553,0.557,-20.491,-25.291,16.331,-20.235,9.602
51.95438,43.315,52.841,-15.299,16.001,4.351,-67.804,13.998,13.469,7.182,16.935,-9.737,26.51
52.09991,45.683,84.327,5.082,9.281,51.096,38.061,12.833,25.111,-9.163,5.785,-26.015,19.531
52.29732,44.551,78.315,-3.628,-9.554,22.06,-55.583,13.703,3.019,-25.406,-8.65,-2.497,-12.472
52.46576,44.228,26.82,6.082,47.04,49.008,-69.756,3.177,30.129,-2.848,7.081,-10.197,-3.592
52.81406,44.902,99.033,-20.165,59.101,65.413,-50.763,-38.5,18.693,24.11,-19.597,-13.141,-16.182
53.05197,38.767,55.604,29.302,-9.346,76.323,-17.652,-2.925,7.741,31.078,4.892,-1.412,-7.291
53.15642,44.067,33.178,27.635,19.244,66.749,-66.645,2.576,0.699,-12.741,16.93,-2.834,6.561
53.33029,41.71,14.182,-32.793,34.168,35.445,-99.873,4.68,-5.132,0.735,18.454,-20.96,-25.58
53.49855,43.995,94.396,-23.218,90.32,79.682,-47.756,-39.06,9.951,21.44,-20.835,-22.008,-15.063
53.83569,44.225,13.293,2.805,33.836,43.739,-39.137,24.913,4.591,-11.443,27.287,6.672,-1.696
54.01474,45.261,86.42,65.43,-53.464,106.309,-14.872,-23.657,0.645,-13.513,33.993,-6.407,-18.837
54.1663,48.475,73.247,11.813,24.085,69.968,-7.613,-51.067,-1.411,-4.278,0.985,-16.28,2.053
54.35746,45.768,112.272,-6.87,-46.897,87.145,-31.53,-40.616,18.744,4.967,16.059,8.703,6.398
54.5088,47.113,77.155,34.517,4.743,59.987,-38.844,6.906,2.259,-4.095,4.596,-1.526,15.488
54.59002,47.496,60.848,19.177,42.228,83.068,-32.061,-40.127,0.471,-9.177,11.027,-21.024,27.961
54.70077,46.946,93.316,-24.537,19.963,7.796,-26.244,-3.773,-8.541,-3.733,2.526,-16.933,-4.412
54.81111,41.577,72.083,-0.545,98.488,71.809,-21.278,-20.999,42.432,3.657,-24.697,-52.905,11.145
55.21138,45.02,57.482,-15.746,67.581,56.842,-34.427,-9.98,30.96,2.493,11.731,7.496,-6.978
55.55973,47.114,75.001,-23.124,63.279,56.355,-48.62,-29.822,20.749,10.575,-16.897,-9.425,5.798
55.90181,41.104,76.166,-22.484,64.164,43.363,-82.258,-32.099,31.868,-0.2,5.989,-17.102,-15.831
56.24395,44.704,102.842,-35.804,67.999,65.358,-28.82,-59.864,20.235,7.981,-25.012,-37.922,-1.044
56.41891,39.537,51.668,24.651,-8.804,81.905,-28.749,-15.029,-38.448,-30.01,62.051,-11.646,4.996
56.581,42.634,14.068,-42.685,85.838,43.197,-74.856,2.29,42.057,-11.251,9.637,-27.321,10.346
56.76118,38.667,91.191,3.526,95.284,90.719,-45.026,14.494,28.272,-4.469,39.202,-11.661,5.723
56.92408,43.909,107.462,-23.635,89.228,70.65,5.36,-36.664,57.334,-2.955,-2.18,10.43,6.429
57.19039,37.32,86.171,-5.985,-2.595,32.077,-58.851,-28.006,-4.075,12.588,-29.786,14.486,5.271
57.27805,42.072,83.837,-18.248,97.418,33.214,-43.616,-25.806,61.719,-14.769,2.285,-34.199,5.19
57.62063,44.924,92.834,-33.965,96.595,52.444,-43.502,-31.087,43.863,2.952,-26.217,-22.176,19.435
57.90481,40.467,17.166,39.589,1.771,81.779,-22.593,-4.12,43.464,-7.706,-0.714,-32.937,6.486
58.30499,44.264,99.314,-27.021,70.843,70.912,-46.16,-43.426,18.968,24.517,-18.676,-17.486,-13.69
58.5663,39.062,54.93,17.583,-10.793,64.808,-68.52,-13.046,-15.408,29.898,-5.809,13.156,-18.27
58.65397,41.27,69.063,-14.253,50.774,53.425,-90.829,-16.119,28.809,9.584,14.811,-22.341,-25.049
58.96195,41.587,90.71,19.158,-16.2,112.129,82.68,-13.858,31.749,24.544,10.063,-26.289,-5.504
59.16435,39.955,35.574,5.134,-7.89,89.079,-43.232,-6.323,-39.53,-13.343,57.001,-3.953,-9.563
59.29841,43.809,39.825,14.385,45.706,60.041,-24.413,-2.406,36.061,7.904,-5.576,-18.768,-7.16
59.67519,45.806,95.69,-18.019,60.057,54.637,-22.092,-40.776,16.432,6.417,-19.247,-18.125,0.371
59.85528,41.834,48.691,3.639,-20.055,81.719,-69.747,-23.873,-17.487,-11.581,49.775,24.159,-1.191
59.99469,46.321,60.459,35.53,3.61,48.693,-9.251,25.715,19.8,15.224,-4.027,-20.486,-0.347
60.19778,40.523,148.237,8.718,89.423,52.176,-17.274,-23.816,-26.91,-0.103,2.293,-33.642,-0.168
60.36553,45.76,98.191,-17.059,60.95,51.546,-51.989,-39.165,21.091,7.997,-23.043,-9.717,-3.352
60.60961,39.977,9.704,79.314,12.414,81.418,-36.754,-8.686,2.075,-6.821,-10.339,-11.462,7.993
60.70762,43.254,32.243,-11.047,68.619,33.896,-42.773,17.81,23.165,-18.328,11.666,-23.039,19.755
60.88299,41.517,75.038,-27.612,11.83,8.36,-71.524,10.788,-2.865,-21.125,9.17,-12.304,-14.378
60.98698,44.224,70.59,28.512,-47.262,26.076,9.736,-10.116,41.848,-0.4,4.032,-17.693,4.702
61.21946,45.432,143.814,-0.358,-13.306,37.058,-41.073,18.127,16.015,17.131,19.532,10.018,32.546
61.39932,47.238,97.872,7.13,6.929,39.46,-46.591,8.044,38.937,-4.466,1.775,-8.077,18.305
61.68957,47.373,124.286,11.027,-16.986,51.977,-12.687,-14.881,13.682,-0.961,-0.498,-34.284,14.174
61.90435,44.56,138.331,12.493,-8.589,11.59,-52.417,18.718,41.742,-18.343,11.588,9.516,-11.924
62.07868,47.459,132.762,10.029,29.547,21.524,-19.555,4.103,29.831,13.914,13.159,-11.436,23.978
62.25887,45.437,152.965,-9.628,-20.448,1.159,-61.717,0.246,18.629,22.348,-8.565,-4.0,0.109
62.36884,47.55,157.348,6.854,-0.614,42.293,-12.4,-25.048,3.544,8.372,16.008,-34.6,17.916
62.60104,45.628,175.214,-17.068,-27.68,20.948,-45.817,-10.829,29.228,21.003,0.805,-5.624,15.426
62.76939,47.094,106.91,9.216,23.386,26.5,-39.118,13.722,13.409,-17.423,18.107,-6.94,17.117
62.93773,45.316,158.78,-13.949,-29.315,19.181,-50.313,-0.948,41.512,14.91,2.09,5.959,0.658
63.0595,47.367,152.349,-4.088,-18.567,53.379,-26.684,-25.296,9.791,0.093,21.291,-32.165,26.253
63.28608,44.838,191.023,-31.514,4.596,17.312,-57.903,5.557,26.276,19.971,2.583,-7.583,24.461
63.45433,47.5,82.062,27.804,-6.623,13.426,-34.036,22.291,9.778,-7.713,12.32,-2.141,-2.407
63.63451,47.408,158.889,-11.973,-7.635,18.786,-41.901,-3.331,16.965,8.3,8.114,-12.6,2.326
63.80263,49.288,112.814,-13.55,2.919,27.228,-51.369,-24.046,28.479,12.058,-13.307,-5.191,-2.005
63.97683,47.21,94.165,-13.629,-16.133,39.548,-55.403,1.558,-19.355,-1.589,24.848,-9.828,1.697
64.15088,48.227,90.165,30.66,-14.525,4.4,-44.59,21.012,6.17,-6.972,3.674,-20.608,-1.95
64.31959,47.134,155.154,-11.491,-7.018,18.705,-34.537,-0.07,8.538,6.607,5.809,-9.806,-0.083
64.4878,49.198,92.147,-11.127,12.477,30.38,-54.978,-23.782,-1.722,9.125,-18.748,-10.592,-11.062
64.8302,46.01,78.752,17.07,-2.609,16.713,-55.356,12.447,28.849,-8.274,22.315,-10.162,-16.063
65.00472,49.173,79.703,24.671,-30.036,61.32,-34.075,6.565,3.577,-3.27,22.437,-9.716,-3.212
65.16649,50.349,65.895,1.431,3.473,44.268,-34.42,-35.504,0.921,-1.073,-1.304,-22.688,-6.167
65.34685,47.953,109.745,-14.759,-5.746,58.706,-41.701,-2.534,35.026,0.501,1.934,-4.25,6.21
65.52095,48.097,70.066,13.988,-16.955,32.556,-36.33,-19.707,14.462,-16.207,24.647,-20.107,-8.107
65.6951,47.793,92.582,19.74,-25.547,47.067,-50.782,25.539,-9.003,-4.373,10.683,-2.958,4.623
65.86354,42.142,90.418,-32.234,140.16,61.507,-57.848,-42.603,19.389,13.832,-44.42,-28.371,14.55
66.19982,45.579,80.958,-38.765,14.678,52.479,-35.413,-3.866,48.149,4.985,4.145,-15.83,-2.059
66.54844,46.674,95.693,-32.978,22.084,49.577,-49.081,-14.848,12.774,6.712,-7.05,-16.35,-2.847
66.78154,42.391,96.69,-5.376,-22.733,61.055,-34.849,32.596,17.026,-9.189,29.229,-11.165,10.233
66.96132,43.188,46.548,2.104,-24.229,59.155,-16.411,40.666,2.769,-15.799,2.919,-16.677,-0.006
67.23515,46.147,94.927,-28.638,41.158,49.795,-42.593,-14.015,15.156,10.179,-12.592,-20.032,4.767
67.47751,41.246,57.29,-4.674,2.09,50.733,-33.667,25.791,32.259,15.279,2.556,-6.948,10.674
67.57615,42.775,37.47,-42.954,36.527,45.37,-61.131,-12.368,36.464,-6.91,30.345,-32.22,-0.879
67.91841,45.985,73.311,-62.4,28.205,53.779,-30.105,-60.329,5.243,4.857,-4.909,-16.102,1.887
68.15315,39.773,15.207,-57.427,-42.47,56.986,-9.731,-56.552,19.839,10.873,0.869,-10.57,8.498
68.2663,41.905,28.541,-28.571,-7.827,64.022,-76.985,-21.306,-30.898,-17.435,29.621,-1.209,-11.742
68.35333,42.321,21.753,-17.928,43.766,47.802,-24.956,24.819,39.896,7.442,2.052,-52.227,13.999
68.60336,46.593,59.075,-54.3,25.67,66.498,-17.466,-51.788,-14.486,6.881,-3.669,-31.449,4.413
68.77841,45.186,39.249,-43.798,-14.624,52.045,-41.581,-42.818,-1.244,-13.057,5.734,-17.65,-11.937
68.95265,42.263,22.641,-43.419,36.671,43.584,-69.063,-21.135,42.611,-13.567,25.727,-35.923,2.696
69.29415,45.666,84.749,-32.026,47.994,50.357,-41.766,-12.154,9.21,8.847,-9.647,-24.451,3.318
69.55501,41.31,64.387,14.04,-9.034,50.372,-42.952,26.136,29.495,3.747,-9.611,-12.805,6.441
69.71927,42.496,25.561,18.496,-6.463,50.138,-25.496,34.823,-3.083,-9.109,-0.229,-8.98,1.511
69.979,45.548,87.542,-29.44,47.201,52.261,-42.605,-14.535,7.543,6.418,-10.662,-18.366,4.253
70.24068,40.011,45.414,2.445,9.344,33.282,-77.582,9.133,4.243,17.483,-7.154,16.892,9.505
70.32748,42.205,31.905,-40.374,36.323,37.663,-71.44,-8.982,43.891,-6.853,25.188,-42.519,-0.618
70.66961,45.734,66.813,-68.446,37.423,48.905,-46.378,-59.39,0.568,6.458,-17.745,-18.125,3.019
70.92512,39.776,7.533,-49.748,-23.737,45.869,-49.617,-55.939,-28.27,17.922,-21.881,-5.707,12.674
71.01315,42.702,2.92,-23.899,-8.895,79.605,-71.431,-21.046,-41.381,-7.417,30.633,-1.744,-11.502
71.09968,42.095,21.082,-19.369,53.925,50.348,-37.145,21.447,44.769,12.266,-0.233,-57.513,8.661
71.35492,46.354,58.03,-66.856,38.66,59.862,-30.235,-60.75,-9.263,5.268,-17.416,-42.302,9.201
71.53066,44.781,45.37,-47.489,-14.242,39.036,-49.695,-41.085,5.335,-18.275,-1.617,-16.706,-9.149
71.69878,43.31,30.647,-25.992,29.246,33.275,-64.332,-14.219,32.121,-7.192,25.562,-27.144,-4.198
72.04009,45.939,82.595,-18.298,33.845,43.554,-37.834,-15.627,10.679,10.874,-8.061,-8.875,-3.288
72.27746,42.175,70.159,49.817,-25.915,24.456,-16.128,19.698,33.453,2.402,7.764,6.443,0.157
72.46385,44.281,56.345,46.906,-13.729,25.401,-28.091,14.075,-1.037,3.17,7.711,-7.402,0.175
72.73048,46.936,97.457,-3.419,25.415,35.568,-50.207,-22.137,4.821,7.967,-13.037,-10.753,-3.719
72.95147,42.941,66.161,53.363,-5.583,38.286,-26.724,17.82,16.346,15.496,15.995,-5.172,29.08
73.07365,44.671,41.028,9.133,11.157,15.352,-69.982,14.003,24.689,-16.633,16.903,-10.674,1.635
73.40998,46.76,68.527,-21.018,19.68,29.639,-19.866,-38.923,-10.486,-13.613,-3.362,5.939,0.514
73.74635,43.842,40.413,-9.821,-5.529,38.659,-39.699,-34.613,-24.56,-7.446,4.258,4.189,-24.659
73.8351,44.38,31.586,51.405,-0.443,46.483,-35.822,34.34,3.561,37.6,12.108,-7.354,-12.442
73.93274,43.92,47.5,-20.878,20.235,5.735,-75.88,7.473,19.674,7.802,15.717,-15.701,24.351
74.07741,46.3,66.878,-6.399,-16.445,53.001,35.652,-10.323,-1.203,-15.702,6.956,-11.501,10.204
74.26907,45.951,33.46,-25.339,-14.549,42.478,-37.345,-36.332,-4.479,-21.684,-8.744,-8.119,-18.167
74.44912,43.25,22.374,-20.688,22.827,36.138,-79.527,-13.443,35.365,-10.752,10.144,-26.98,-2.532
74.79143,45.927,82.259,-30.719,43.113,48.132,-48.857,-11.493,7.58,12.531,-13.738,-21.959,1.444
75.04762,41.419,58.615,18.546,-7.789,47.802,-36.735,26.405,27.63,1.922,-13.995,-9.41,6.478
75.22063,42.682,25.203,15.411,-3.419,49.414,-37.391,31.686,-7.642,-5.99,-1.08,-19.265,3.813
75.47651,45.847,90.398,-29.04,45.682,46.273,-48.215,-16.656,10.512,8.193,-14.559,-19.05,2.205
75.72626,40.27,40.294,-3.398,20.354,44.485,-46.313,11.172,10.858,13.48,-2.523,-4.795,11.416
75.82118,42.465,29.622,-38.425,38.233,39.206,-67.246,-10.217,37.133,-9.804,27.49,-34.648,-1.844
76.16136,45.81,64.356,-58.43,33.542,48.545,-39.159,-53.569,-8.77,2.676,-6.65,-4.645,1.263
76.51039,46.675,55.299,13.91,-10.56,47.074,-33.219,-6.878,-16.578,-18.06,1.36,-24.357,26.982
76.67864,45.726,42.402,-68.166,62.494,26.057,-30.259,-42.26,-23.822,-5.43,-8.82,-31.917,7.024
76.84658,45.812,47.245,-40.027,73.459,42.576,-27.392,-44.949,-14.457,2.98,-20.926,-31.207,5.142
77.08989,39.143,-21.303,101.334,3.438,62.5,-36.214,-10.458,12.6,1.766,-9.245,-7.535,12.103
77.19478,47.832,71.049,-22.497,31.435,60.939,-41.109,-6.793,44.233,5.828,-0.121,-17.34,-2.822
77.53723,46.613,95.001,-25.623,24.643,57.007,-51.552,-18.474,15.732,8.619,-11.757,-16.528,-1.471
77.77029,42.215,104.04,6.811,-15.826,69.974,-37.687,25.023,14.124,-10.796,22.906,-12.747,7.908
77.94948,42.91,55.111,19.058,-17.196,68.004,-14.804,32.554,3.471,-14.697,7.682,-14.246,0.405
78.2224,45.691,96.082,-25.832,45.626,52.216,-45.546,-17.841,12.993,7.903,-13.065,-18.496,2.635
78.48313,41.121,75.31,6.355,-11.574,53.473,-73.515,6.837,17.59,15.041,-16.594,18.589,7.23
78.57011,42.596,33.156,-41.214,26.676,43.768,-73.405,-11.096,44.325,-9.484,27.253,-45.763,-2.031
78.90721,46.069,78.507,-59.082,30.947,47.941,-20.71,-52.049,5.742,6.852,-8.751,-36.206,3.133
79.07401,39.079,32.486,-95.346,-5.793,65.635,-64.595,-62.177,-26.869,0.498,19.303,13.454,-3.057
79.16857,40.0,18.828,-63.615,-20.049,51.021,-52.047,-61.446,1.895,9.451,-7.653,4.639,2.017
79.2571,41.503,24.773,-26.836,-10.86,73.971,-70.489,-12.912,-36.338,-15.946,40.311,-13.539,-14.935
79.33143,41.909,25.557,-15.771,35.869,49.99,-19.168,22.814,42.209,11.73,1.733,-47.045,4.417
79.5981,46.796,55.766,-63.194,33.334,66.238,-30.495,-58.129,-13.92,8.759,-18.415,-42.297,5.989
79.77206,45.488,34.837,-45.623,-13.044,47.087,-52.003,-52.579,6.195,-11.96,2.543,-29.61,-13.23
79.93964,42.906,25.417,-41.546,37.972,42.264,-64.154,-18.27,34.349,-11.253,23.905,-38.882,4.574
80.28281,45.726,85.309,-28.016,44.322,48.705,-43.433,-14.599,12.36,8.24,-10.852,-19.197,0.969
80.53868,41.047,60.666,22.54,-3.702,50.646,-36.856,23.526,27.447,3.881,-12.932,-7.804,7.982
80.71315,42.47,23.763,21.039,-5.786,51.859,-39.392,28.674,-5.528,-9.035,3.664,-18.035,5.812
80.96916,45.503,90.368,-26.83,50.97,52.209,-42.197,-16.423,10.039,5.564,-10.64,-14.77,3.216
81.22939,40.287,54.957,8.399,15.031,42.07,-69.985,12.261,8.558,9.694,-18.085,8.666,8.711
81.3171,42.462,30.085,-40.572,32.755,40.814,-72.059,-6.011,37.486,-11.152,20.614,-39.27,1.062
81.65342,45.978,68.335,-64.037,32.249,53.359,-10.995,-55.427,2.878,6.697,-9.46,-33.314,4.933
81.82798,38.82,41.155,-90.576,-9.824,51.787,-83.737,-75.772,-35.264,14.339,14.465,-4.253,-3.468
81.90975,39.324,26.658,-58.159,-8.604,37.554,-38.022,-58.157,13.032,15.427,-22.579,5.538,8.163
82.00209,41.136,32.293,-35.101,-0.768,61.841,-76.766,-12.415,-26.59,-16.828,26.554,-5.218,-4.724
82.07646,41.734,21.469,-18.452,35.983,53.586,-16.755,28.121,40.561,23.239,-5.725,-48.727,3.583
82.34395,46.365,60.54,-64.728,35.85,57.38,-27.721,-61.131,-6.012,5.047,-17.248,-41.771,7.429
82.5181,45.064,43.481,-51.753,-16.214,42.258,-48.271,-43.447,5.414,-18.839,-2.664,-17.079,-4.84
82.68744,42.363,32.114,-43.968,41.194,36.468,-64.408,-8.216,37.018,-7.43,20.558,-36.861,4.515
83.02834,45.595,84.255,-29.954,50.085,52.885,-41.939,-13.861,12.722,6.906,-6.873,-19.119,3.337
83.28975,40.978,62.693,23.216,-3.489,55.312,-40.239,22.772,29.563,4.331,-14.198,-8.115,7.796
83.45832,41.795,35.853,45.756,14.419,69.219,-40.81,19.908,0.709,-7.866,1.66,-7.122,5.039
83.54526,43.071,23.16,-7.408,17.985,23.772,-78.337,25.122,-18.717,-21.747,19.681,-13.389,-4.631
83.71968,45.644,90.371,-25.902,48.359,47.176,-49.193,-17.936,9.106,8.254,-16.772,-19.95,3.866
83.96889,39.981,50.87,0.523,12.55,49.352,-47.276,2.876,19.263,14.136,-10.798,5.499,18.925
84.06313,42.416,30.53,-39.349,36.777,38.633,-65.514,-5.264,40.403,-11.391,27.567,-41.101,-1.586
84.4044,45.893,64.154,-67.256,40.965,48.133,-29.225,-58.173,-2.698,6.079,-23.632,-45.965,7.893
84.57887,38.626,45.714,-98.015,-14.214,64.158,-96.882,-75.189,-26.567,8.407,10.129,-12.524,-2.382
84.65306,39.36,19.344,-62.45,-8.164,43.209,-30.117,-62.153,10.918,16.395,-18.778,0.592,8.315
84.74612,42.16,13.14,-19.373,-4.675,68.295,-69.122,-8.976,-41.079,-15.058,34.44,0.446,-12.564
84.83302,42.444,17.742,-12.657,56.164,46.656,-34.116,24.219,40.689,10.946,0.52,-56.135,15.032
85.08952,46.584,58.942,-55.78,28.387,61.572,-27.313,-53.349,-14.226,6.764,-15.202,-36.14,6.357
85.2649,45.166,35.656,-42.997,-16.444,47.577,-47.919,-36.378,-6.763,-14.336,-1.174,-26.899,-13.379
85.43751,45.907,111.297,18.195,-23.807,16.345,-39.172,-54.462,-24.625,-12.061,-3.016,-1.56,-41.087
85.51347,46.752,85.905,45.529,17.885,24.47,-36.184,13.655,22.894,-7.655,6.535,-24.883,-7.925
85.78041,47.991,84.347,10.331,30.743,44.832,-50.871,11.991,10.02,-0.763,-13.264,-9.26,11.695
86.02385,44.274,68.449,39.768,-4.813,59.977,-41.606,36.169,30.288,2.939,8.454,-9.28,-14.041
86.18658,43.824,48.25,35.88,-15.62,61.666,-38.38,33.74,4.941,3.119,13.75,-9.503,-10.57
86.29673,45.041,23.994,2.779,-3.947,30.079,-71.015,21.824,-1.587,-4.197,18.854,-19.357,-8.788
86.46594,46.744,82.095,-14.473,34.578,49.226,-42.411,-12.979,1.343,6.378,-11.78,-15.122,2.008
86.72658,41.525,37.414,13.383,13.741,43.884,-69.244,7.914,16.469,4.643,-1.827,-3.593,13.109
86.80748,44.307,20.81,-9.428,-4.898,21.319,-57.878,25.86,-8.328,-14.096,16.966,-18.692,3.552
86.98172,48.017,47.687,24.155,-49.622,55.271,-33.701,8.496,8.509,-10.217,28.751,-18.363,-12.651
87.14544,49.92,53.144,-12.861,8.376,52.077,-33.215,-26.794,-11.623,4.149,-3.214,-35.787,1.468
87.32041,47.041,85.405,-20.834,-25.454,50.392,-38.058,-2.233,33.702,2.337,9.653,-9.167,3.993
87.49873,49.122,47.485,3.005,-21.227,41.298,-36.115,7.859,-4.583,-2.394,14.323,-31.104,16.796
87.66694,48.268,75.918,4.301,4.693,25.388,-34.999,16.136,-26.946,-2.75,11.22,2.539,-5.96
87.84095,45.376,71.416,-15.753,76.942,49.158,-42.272,-30.362,-4.467,14.633,-31.766,-33.81,1.795
88.07329,39.216,-13.484,94.069,6.521,69.075,-25.788,-5.201,10.784,-0.76,-1.737,-6.464,14.232
88.18331,44.829,71.902,21.125,11.904,-18.445,23.438,12.232,34.013,7.558,-15.843,-24.582,-7.388
88.46807,41.069,93.316,33.673,-96.013,18.502,14.349,16.739,42.088,4.292,1.734,-38.037,4.67
88.76399,43.276,115.03,0.226,-25.655,63.977,-21.215,22.582,32.694,-5.69,12.515,-7.628,3.024
88.93238,42.706,70.717,34.686,-14.885,78.935,-31.53,27.115,8.805,-17.469,21.675,-12.686,3.966
89.04286,44.645,68.097,-12.65,-4.849,45.78,-70.83,27.396,6.173,-9.873,-3.616,-15.965,-4.24
89.21673,46.19,101.316,-23.968,36.832,52.18,-49.479,-15.078,18.128,7.242,-16.129,-17.522,4.857
89.45506,41.497,49.863,9.6,5.238,60.64,-38.209,23.56,21.038,0.84,5.373,1.099,10.022
89.55896,42.885,48.656,-45.348,27.232,40.907,-69.653,-7.277,45.333,-7.425,14.771,-41.315,-0.287
89.89596,46.08,64.241,-65.38,38.954,51.139,-21.794,-65.382,4.775,5.559,-15.906,-42.395,8.469
90.07057,40.087,51.061,-82.529,-25.357,59.997,-78.577,-74.811,-14.65,5.963,23.866,4.109,-4.304
90.15705,40.391,22.508,-60.928,-21.4,54.877,-49.876,-61.191,-12.405,5.976,1.977,-1.222,4.358
90.24612,42.25,23.651,-17.962,-10.643,66.364,-72.059,-13.774,-33.672,-19.736,40.523,-1.881,-15.335
90.33234,42.627,16.113,15.416,16.415,64.143,-64.735,30.642,2.669,19.688,5.535,-7.399,-4.73
90.41161,40.843,30.578,-72.791,61.003,22.021,-81.653,-16.917,25.581,-5.525,8.185,-29.735,6.012
90.58671,46.736,53.893,-59.99,31.02,63.632,-31.946,-58.249,-16.256,7.581,-15.063,-37.088,4.824
90.76231,45.409,34.997,-44.243,-18.551,49.724,-49.6,-43.152,1.279,-14.992,-0.634,-20.609,-17.139
90.93093,42.32,35.733,-42.864,42.942,35.382,-68.274,-8.976,38.41,-7.222,19.533,-35.104,3.565
91.27197,45.711,84.141,-29.84,47.492,47.356,-45.727,-15.173,6.614,9.262,-13.338,-21.116,2.657
91.52617,41.04,62.18,21.886,-7.739,51.362,-36.824,23.42,32.237,2.147,-14.922,-7.155,7.957
91.6956,42.343,26.694,19.387,-6.147,56.135,-25.428,32.08,-4.755,-9.121,-0.034,-9.39,2.32
91.96281,45.614,89.581,-28.809,51.971,50.154,-51.036,-16.802,6.51,7.721,-17.663,-21.68,3.553
92.21823,40.022,47.392,12.844,10.477,37.028,-76.51,7.514,7.326,12.298,-6.739,15.602,17.761
92.30553,42.456,28.713,-36.573,30.625,38.885,-69.613,-7.074,40.174,-5.874,25.066,-46.666,-2.044
92.64195,45.838,70.48,-60.951,39.358,49.439,-19.918,-51.869,1.12,7.924,-11.154,-39.061,8.418
92.81515,39.241,37.203,-98.771,-13.081,72.228,-68.722,-66.52,-23.728,5.19,19.009,-3.992,1.719
92.9024,41.456,22.63,-25.638,-52.244,54.997,-42.036,-32.025,-7.713,4.08,-7.912,14.746,0.435
93.07755,43.254,1.38,35.917,23.107,67.719,-58.254,48.253,-11.821,31.8,5.257,-14.286,4.411
93.15764,40.647,32.656,-73.919,71.285,15.994,-81.315,-14.433,36.266,-10.954,9.279,-29.46,4.53
93.33365,46.384,61.097,-60.337,31.858,55.92,-28.846,-56.947,-10.987,5.076,-16.226,-38.643,8.141
93.50739,44.915,48.867,-44.304,-14.373,33.803,-46.434,-38.442,1.377,-15.323,-1.523,-21.986,-5.841
93.67456,43.483,29.95,-25.939,25.118,30.322,-63.777,-13.806,29.446,-7.034,21.367,-27.633,-1.792
94.0176,46.051,88.04,-19.789,36.804,44.837,-45.4,-16.789,9.985,7.722,-10.211,-13.288,-3.033
94.25937,42.271,74.013,47.925,-24.35,28.756,-22.277,14.787,32.026,4.627,1.5,6.383,1.24
94.44113,43.758,63.994,70.953,-2.605,37.738,-33.238,-3.58,4.868,2.232,11.352,4.596,-6.517
94.54,45.103,49.662,20.42,-1.262,-3.012,-62.359,13.693,0.41,-3.75,19.477,-15.189,-3.013
94.70853,46.997,97.12,-3.801,25.721,36.586,-47.618,-22.215,4.882,8.049,-14.294,-7.778,-3.078
94.92993,43.206,69.166,54.067,-6.853,39.273,-25.565,12.129,17.428,17.841,16.121,-5.824,29.07
95.05125,44.968,33.116,9.062,8.491,20.069,-68.172,7.358,24.902,-16.517,18.252,-9.745,1.906
95.38186,47.161,83.377,-14.702,2.244,34.705,7.823,-31.245,4.302,-14.951,3.819,3.762,-3.281
95.54336,43.971,49.219,-9.978,-23.689,27.389,-30.122,-39.797,-14.0,-17.913,-13.14,23.692,-2.033
95.81215,44.527,15.741,58.066,4.372,55.138,-35.273,52.146,0.305,30.29,14.644,-8.396,-7.981
95.90998,43.984,40.066,-17.622,18.955,9.261,-75.94,6.186,18.598,9.127,9.586,-11.615,23.665
96.05528,46.157,64.375,-2.953,-17.313,51.779,36.276,-10.615,-5.658,-15.453,9.805,-19.372,10.908
96.25279,45.965,28.181,-26.271,-17.181,40.508,-50.638,-37.038,0.145,-26.571,-6.247,-22.663,-17.77
96.42689,43.527,26.564,-16.311,23.219,30.213,-73.684,-8.737,33.055,-6.226,13.943,-29.588,-0.662
96.76331,45.777,83.144,-25.695,44.801,49.368,-38.86,-14.957,9.6,11.277,-4.826,-16.02,0.515
97.02576,41.437,66.252,25.995,-10.627,52.638,-39.448,22.803,32.254,-0.064,-5.707,-5.286,8.45
97.18181,41.794,36.435,39.92,-8.444,66.19,-23.495,27.979,8.321,-4.706,2.313,2.945,2.266
97.2854,43.068,16.35,-7.113,9.354,22.767,-86.6,28.516,-13.334,-22.298,18.569,-19.725,-2.514
97.45342,45.566,87.992,-27.492,48.136,51.395,-46.5,-18.221,9.055,6.347,-13.19,-18.684,3.243
97.70966,40.075,45.376,4.257,20.735,42.41,-61.272,6.011,7.271,15.727,-7.697,0.211,15.527
97.79937,42.531,29.068,-33.25,32.631,36.702,-67.228,-3.41,35.334,-13.224,26.143,-37.374,-0.885
98.13351,45.627,65.925,-63.014,36.864,52.996,-3.534,-57.024,6.203,4.449,-7.518,-29.901,6.419
98.31333,38.309,36.219,-100.543,2.627,57.037,-86.906,-72.221,-30.402,-1.389,6.829,-7.281,-8.824
98.39542,40.614,19.236,-47.322,-31.353,44.227,-42.453,-59.199,-1.236,8.675,-15.982,14.924,-1.094
98.48744,47.096,45.691,6.419,-8.945,47.516,-30.652,-15.754,-11.363,-19.918,4.899,-16.825,30.52
98.65565,45.887,53.575,-53.428,52.42,20.468,-16.072,-31.72,-22.034,-7.989,-3.429,-42.484,9.171
98.79655,43.311,18.858,-37.654,-9.049,58.421,66.835,-38.116,16.538,14.695,-25.012,-32.617,3.533
99.06739,39.367,-19.296,101.155,1.431,61.936,-37.149,-9.485,13.054,2.137,-7.631,-4.911,12.924
99.17274,47.849,71.731,-23.759,31.797,59.278,-45.906,-3.901,44.091,10.402,-2.257,-21.037,-2.166
99.51478,46.64,92.351,-24.107,23.987,51.721,-54.689,-18.135,14.761,9.688,-12.111,-13.496,-1.993
99.74712,42.221,102.37,4.514,-13.831,68.088,-38.648,23.122,13.39,-11.358,24.003,-10.689,8.56
99.92707,42.764,51.275,16.003,-23.815,68.468,-15.575,34.267,3.933,-13.499,7.936,-15.383,0.54
100.20018,45.767,98.935,-25.987,44.982,52.622,-42.604,-18.678,17.833,7.743,-12.81,-16.973,2.607
100.44939,40.809,68.013,-0.366,11.859,55.822,-44.213,13.243,34.736,9.189,-9.308,-0.79,12.937
100.54054,42.719,35.213,-43.44,33.527,40.848,-68.792,-13.348,38.847,-9.294,28.227,-30.339,1.544
100.88494,46.086,63.562,-65.375,33.259,49.653,-21.272,-65.757,6.329,7.63,-17.712,-38.731,6.913
101.06063,39.359,38.288,-82.142,-5.323,48.345,-77.168,-73.01,-24.821,4.589,20.276,-2.669,-2.925
101.14531,41.545,32.158,-28.443,-53.049,50.503,-48.384,-39.463,4.64,2.525,-12.474,19.303,-2.697
101.30249,41.817,17.392,-15.514,30.054,57.053,-13.415,25.287,47.619,19.994,-2.176,-47.989,0.738
101.57628,46.968,58.116,-56.325,26.109,62.264,-31.768,-55.413,-18.122,7.722,-14.817,-38.852,2.687
101.74272,45.193,36.295,-41.345,-18.275,52.36,-41.701,-38.745,-4.449,-14.284,2.3,-22.11,-10.808
101.91868,42.526,24.744,-39.411,31.242,40.592,-72.559,-17.002,33.127,-11.416,18.73,-40.632,2.382
102.26068,45.659,81.763,-34.888,50.305,48.209,-47.099,-12.535,8.15,9.355,-12.794,-25.538,3.049
102.52195,41.172,59.508,15.025,-6.792,50.316,-39.698,26.64,30.155,5.855,-13.1,-9.489,6.313
102.69016,42.697,26.239,19.002,-5.103,48.35,-35.395,30.777,-3.63,-8.447,-0.542,-17.946,4.006
102.94621,45.568,85.263,-29.206,49.291,48.805,-39.036,-15.118,7.863,7.051,-7.956,-15.01,4.459
103.20404,40.348,56.349,-1.681,-0.154,40.524,-75.814,10.865,6.817,20.223,-17.182,19.145,7.633
103.29406,42.451,21.253,-40.784,30.565,41.15,-71.653,-13.321,40.373,-8.815,25.822,-45.042,-0.034
103.63048,45.834,68.381,-63.131,37.162,50.136,-18.39,-57.213,3.541,4.494,-12.657,-36.647,9.75
103.8049,38.61,51.512,-94.7,-7.093,56.441,-88.814,-72.599,-26.792,2.649,6.798,-0.968,-3.525
103.88177,39.467,16.337,-59.084,-17.022,50.515,-16.184,-61.914,13.272,14.889,-14.253,3.677,4.733
103.97787,41.891,17.651,-22.352,-7.519,74.621,-63.726,-10.614,-39.142,-15.869,42.647,-10.185,-10.746
104.05383,43.451,0.873,38.567,2.11,70.517,-39.523,49.683,4.055,27.465,0.091,1.103,-10.624
104.1537,40.225,29.878,-65.7,62.371,15.555,-94.784,-7.046,31.153,-7.901,11.46,-38.296,8.2
104.32,46.241,64.617,-62.938,34.697,52.205,-29.523,-57.264,-7.687,4.49,-21.327,-41.394,4.006
104.49628,44.712,48.513,-45.367,-11.786,36.255,-55.845,-43.874,7.009,-16.874,-10.339,-31.564,-4.454
104.66426,43.754,17.881,-14.121,11.795,33.69,-77.205,-3.063,12.226,-12.94,14.626,-15.24,-3.048
105.00571,46.507,81.995,-17.93,32.488,47.905,-40.539,-14.917,6.215,3.68,-10.011,-10.896,2.769
105.25383,42.553,39.396,22.957,-19.858,49.055,-24.489,0.637,23.652,-9.615,-14.943,0.381,17.597
105.43533,43.496,14.522,23.671,-13.315,47.749,-30.569,11.135,-5.432,-12.118,0.729,-7.204,9.751
105.69705,46.599,83.129,-9.731,33.695,41.601,-45.052,-22.322,-0.046,-0.544,-17.852,-12.383,0.234
105.94635,42.556,27.423,35.112,2.129,47.98,-47.958,-4.899,-7.797,-5.424,-3.712,11.062,3.078
106.03959,44.77,18.877,-1.64,3.942,31.273,-70.178,-13.313,12.248,-7.79,11.877,-13.84,-13.91
106.382,47.192,62.373,-25.572,18.135,37.397,-38.013,-40.915,-16.905,-2.797,-11.487,-6.628,-4.563
106.72576,45.422,38.505,35.167,-19.509,55.777,-50.068,8.723,-22.173,1.306,33.099,3.193,-24.057
106.89873,44.976,31.666,2.675,26.931,16.702,-74.326,16.173,22.792,5.605,17.859,-20.385,-21.87
107.06707,48.76,61.653,-8.376,1.578,50.001,-30.425,-36.353,-15.837,-1.657,-12.68,-8.881,0.023
107.22921,47.832,20.394,8.252,-6.977,57.138,-45.815,-6.247,9.603,-2.492,0.058,5.015,-1.802
107.39787,47.79,70.471,34.392,11.847,24.723,-23.69,9.28,21.451,-4.682,-14.359,10.312,-5.824
107.75224,48.958,84.256,33.402,17.125,36.486,-37.849,20.419,9.058,-12.265,-5.164,0.846,16.462
107.9844,46.512,89.219,69.857,-0.306,37.857,-34.246,49.908,32.684,-5.198,12.953,-1.162,0.625
108.17011,47.59,70.126,57.924,-7.574,27.184,-39.615,41.57,10.442,-33.961,11.072,-15.103,-7.001
108.44313,49.358,100.961,31.445,20.932,16.808,-31.803,-5.354,12.561,-30.429,-17.402,-9.83,-11.23
108.68717,46.56,114.087,43.437,-13.815,19.975,-39.037,0.756,23.838,-10.005,-0.439,5.495,-6.434
108.78549,48.526,74.494,26.767,6.155,-25.093,-28.715,8.008,-7.435,-35.449,8.571,-21.36,-28.396
108.95955,49.583,67.062,30.375,-43.662,36.201,-29.672,2.201,2.851,-10.17,18.747,-10.958,-26.696
109.1229,50.251,81.398,14.926,7.791,28.549,-29.799,-43.217,5.101,-5.683,-1.566,-24.259,-14.771
109.30776,47.082,132.641,11.66,-22.834,46.603,-25.14,-24.699,28.186,8.248,5.664,-15.144,-2.334
109.47034,50.098,82.734,15.142,-14.751,14.901,-36.309,-4.25,6.914,6.4,28.738,-4.83,6.232
109.73782,46.577,68.387,-3.866,44.391,40.886,-15.559,-26.448,17.133,9.309,-3.27,-55.23,7.046
110.05102,39.399,-14.419,94.019,6.151,68.253,-26.914,-6.089,11.051,2.889,-6.249,-10.618,16.335
110.15542,47.658,69.803,-22.853,29.409,58.598,-33.818,-6.898,40.382,7.704,6.363,-7.921,-6.148
110.50458,45.74,102.898,-48.35,39.91,41.287,-42.16,-43.054,26.555,12.094,-17.92,-35.127,-5.814
110.67193,39.117,163.493,-40.454,-37.473,48.025,-53.358,-17.233,3.18,18.807,17.624,-10.81,-28.711
110.76068,40.659,109.923,-26.439,-32.81,48.582,-63.134,-10.414,-4.177,-4.063,2.582,-9.537,-4.987
111.02077,41.37,56.822,-77.038,36.065,21.711,-93.819,-11.962,22.574,-11.179,8.62,-32.825,-10.82
111.18295,44.575,107.719,-40.492,62.464,62.502,-17.098,-57.356,35.508,8.998,-15.539,-22.377,-1.764
111.36286,41.06,74.166,29.697,-36.367,76.062,-26.985,-22.937,-21.673,-26.292,65.63,-5.163,6.174
111.52535,43.237,17.786,-52.274,79.363,39.469,-76.006,4.28,40.914,-9.482,13.536,-29.344,10.671
111.70603,40.096,82.465,-34.92,78.099,66.776,-46.346,33.26,34.143,3.578,42.149,-18.027,2.922
111.86172,43.942,91.891,-53.888,60.128,53.359,38.795,-10.971,54.472,4.279,14.925,7.382,2.022
112.13669,37.011,76.911,-41.27,4.0,15.042,-63.964,-17.959,9.886,16.256,-17.426,-1.395,1.757
112.22454,42.709,78.419,2.716,25.151,26.3,-2.033,21.8,8.5,-31.897,49.47,-39.987,14.897
112.39256,40.405,44.024,-70.78,59.837,6.486,-86.715,-6.737,26.727,-15.817,13.168,-22.779,1.775
112.55651,46.608,77.197,-40.387,67.106,51.401,-13.749,-10.185,30.382,-0.883,-9.569,-41.766,25.725
112.73515,44.083,84.021,-8.139,-11.549,20.638,-54.456,9.132,2.201,-15.036,-1.017,-0.485,-7.893
112.90181,43.457,19.406,-21.705,51.246,50.52,-70.088,14.585,33.595,9.933,13.414,-22.454,-6.933
113.24957,45.147,81.608,-53.376,50.556,48.268,-49.645,-25.231,8.949,21.741,-7.919,-23.905,-12.96
113.51138,38.807,47.831,2.273,2.371,61.404,-65.21,-7.669,-0.228,41.208,-4.546,1.404,-16.614
113.59796,40.787,65.68,-19.294,-9.916,47.2,-85.938,15.042,-8.201,7.445,41.043,-17.04,-16.26
113.76567,41.197,8.861,-69.145,35.535,22.514,-92.658,8.345,0.441,-2.518,19.588,-28.12,-6.292
113.92862,45.003,75.891,-43.78,49.376,53.5,-29.099,-15.672,6.24,26.703,-0.85,5.385,-17.105
114.28259,41.346,17.398,-59.818,33.364,28.732,-100.515,5.949,14.982,-0.089,19.313,-28.277,-4.977
114.4542,37.816,70.586,-43.214,-0.152,84.583,-80.3,18.378,-24.989,29.448,34.222,-32.359,-20.206
114.61891,45.03,83.111,-52.119,54.848,52.42,-31.739,-22.396,15.057,23.07,0.517,-17.008,-16.37
114.88367,38.531,54.194,-0.898,-5.188,58.478,-62.243,-6.769,-11.462,38.663,-12.161,1.989,-12.366
114.9673,47.2,41.146,3.444,-9.104,51.993,-28.222,-17.451,-14.626,-17.438,4.717,-11.983,18.794
115.14186,46.23,37.185,-67.149,57.198,24.609,-30.455,-44.097,-26.146,-5.329,-3.542,-41.293,2.33
115.29261,46.765,51.27,-40.066,5.169,65.826,35.395,-41.171,12.377,14.795,-14.334,17.7,-2.527
115.47206,45.841,30.857,-11.663,-11.803,54.929,-27.13,-19.236,3.997,-15.911,-7.178,13.367,-5.901
115.65184,46.399,39.608,-18.806,54.434,48.795,-41.924,-2.091,21.877,3.148,14.943,-15.788,-2.844
115.99483,44.556,97.029,-55.085,62.285,40.724,-44.684,-39.066,26.24,15.298,-15.986,-21.08,-11.378
116.25619,37.988,67.882,-30.039,-6.53,27.06,-60.936,-20.716,-1.494,15.351,-12.523,-2.987,-12.078
116.34358,38.441,85.224,-18.296,8.861,35.703,-89.9,-3.878,-26.029,-20.609,29.011,-5.883,-5.462
116.4307,38.525,63.922,-26.15,-11.618,32.438,-67.454,-25.68,-10.435,12.912,-8.675,7.274,-16.696
116.51447,40.679,32.211,-76.543,53.121,10.369,-89.147,-14.111,14.474,-6.286,17.821,-27.912,-4.407
116.68,44.675,99.65,-41.645,68.163,59.778,-26.901,-59.58,27.764,11.246,-22.741,-36.513,-0.684
116.85497,40.516,75.585,31.11,-37.913,76.897,-25.517,-21.148,-45.422,-25.954,61.741,-2.126,10.679
117.01728,42.786,12.717,-43.935,82.246,39.676,-68.331,7.342,44.087,-9.102,15.771,-23.523,7.234
117.201,39.878,69.077,-34.996,88.124,62.359,-58.634,35.305,31.162,2.217,41.932,-21.998,3.956
117.36023,44.238,90.06,-53.234,69.522,52.04,25.516,-10.705,53.532,2.561,9.305,3.364,3.797
117.62635,37.507,87.208,-36.947,-6.761,16.786,-60.004,-15.286,19.116,18.32,-19.049,9.787,-4.299
117.71932,42.829,75.276,8.32,28.685,25.635,-11.912,18.146,11.873,-31.124,49.151,-33.575,14.459
117.88794,40.044,36.205,-72.946,52.151,5.403,-99.517,-6.873,26.299,-12.152,11.588,-28.961,4.647
118.058,46.672,75.744,-40.841,71.335,46.193,-23.158,-11.035,32.001,2.931,-17.407,-46.239,25.786
118.2307,44.158,87.195,-7.151,-14.89,19.499,-63.942,7.385,2.402,-17.216,-2.417,-5.954,-5.304
118.39274,43.566,16.747,-24.314,55.738,46.453,-59.676,17.351,28.595,11.743,9.364,-7.237,-8.874
118.74091,45.158,83.374,-51.342,48.435,48.726,-38.649,-24.422,13.808,21.545,-2.523,-14.213,-13.157
119.0039,38.491,46.156,-1.436,4.765,60.167,-59.042,-5.185,-5.797,40.033,-6.752,-8.066,-18.014
119.08984,40.801,67.204,-13.276,-2.072,45.802,-78.413,14.215,-9.831,2.741,43.376,-13.7,-20.271
119.25823,40.94,18.1,-56.663,47.563,31.196,-86.514,3.488,1.5,1.626,22.818,-21.297,-7.937
119.43179,45.909,82.452,-53.288,49.495,48.321,-41.393,-25.369,4.906,23.455,-17.396,-44.636,-6.614
119.60082,39.775,76.43,-8.636,-10.941,62.031,-69.422,1.046,-23.087,26.969,43.071,-12.112,-19.711
119.77533,41.55,22.816,-58.688,42.733,26.276,-86.86,3.85,7.466,-0.917,20.628,-21.821,-3.754
119.94871,37.81,68.27,-43.869,1.801,84.424,-79.847,17.825,-23.966,32.323,36.121,-27.943,-20.225
120.11714,45.03,80.565,-49.404,54.631,52.491,-40.923,-25.711,15.458,26.174,-8.766,-22.796,-14.123
120.378,39.154,51.006,7.169,-17.382,56.952,-67.305,-8.82,-16.114,30.942,-9.423,13.741,-15.925
120.46499,47.396,38.931,3.191,-7.188,50.422,-34.304,-16.488,-14.273,-16.503,2.272,-20.219,21.847
120.6337,46.082,35.47,-66.15,63.076,30.322,-25.767,-44.771,-31.301,-3.11,-2.349,-38.399,0.412
120.80109,46.487,31.591,-40.043,59.545,48.835,-30.287,-50.037,-32.305,4.586,-23.159,-29.433,4.063
121.04531,40.18,-36.854,71.046,-3.921,43.031,-43.102,-2.778,21.247,7.337,-11.607,-7.013,7.969
121.15011,47.98,69.613,-23.391,31.48,61.545,-41.354,-2.657,41.014,7.757,3.366,-20.58,-4.3
121.49261,45.762,105.169,-50.084,41.55,41.826,-43.752,-42.675,28.383,12.638,-16.29,-37.027,-7.459
121.65841,39.183,161.359,-40.042,-37.058,47.455,-55.566,-16.477,1.52,19.943,16.574,-9.114,-31.82
121.74807,40.66,109.723,-24.833,-33.294,46.25,-63.55,-11.394,-4.897,-0.628,2.083,-8.645,-3.908
122.00349,41.743,56.558,-75.034,40.786,22.255,-78.863,-8.696,21.82,-14.256,17.539,-26.511,-9.364
122.16907,44.658,108.189,-39.772,61.629,60.037,-18.084,-59.145,35.905,10.228,-17.071,-22.695,-3.493
122.3517,41.118,78.048,30.891,-35.715,80.373,-25.007,-22.298,-26.362,-25.315,60.144,-4.599,5.91
122.51438,43.06,18.022,-47.934,78.38,40.348,-72.397,6.217,41.802,-10.378,10.766,-25.917,8.805
122.69551,39.906,77.964,-35.203,78.94,62.134,-44.897,33.116,33.461,-0.268,44.884,-16.226,1.152
122.85864,44.668,92.971,-50.102,74.876,46.72,6.895,-17.582,54.464,0.134,5.719,-2.753,4.701
123.12336,37.1,81.507,-38.076,1.055,12.798,-66.861,-16.602,11.154,12.173,-18.307,1.769,0.917
123.2122,42.783,77.661,3.932,26.665,26.51,-6.531,21.455,8.703,-31.292,46.367,-35.96,16.245
123.37991,40.377,41.71,-73.043,53.748,9.528,-91.212,-4.375,27.73,-12.184,13.407,-24.294,4.257
123.54458,45.805,77.068,-50.097,58.911,51.77,23.024,-3.796,36.679,0.442,8.232,-16.445,19.09
123.72766,44.042,81.719,-7.068,-15.717,20.549,-64.633,11.412,-0.009,-18.906,-10.163,-9.1,-7.063
123.8902,43.666,14.692,-25.767,53.051,46.327,-65.017,17.235,28.079,8.217,15.773,-14.359,-8.15
124.23197,44.871,81.87,-51.518,46.991,54.135,-21.759,-19.427,11.525,20.138,1.648,-6.301,-16.473
124.49855,38.839,56.341,0.053,-6.465,67.649,-66.864,-6.663,3.462,43.163,-4.827,5.028,-17.854
124.58667,40.781,62.534,-16.605,-5.654,44.925,-84.907,15.224,-8.799,6.532,38.592,-22.701,-17.126
124.75537,41.329,13.194,-65.582,30.522,21.037,-92.126,4.779,-2.866,0.188,20.078,-29.6,-7.234
124.89007,41.559,56.34,-30.158,-28.651,71.89,40.124,11.891,29.477,40.726,-8.376,-27.186,-14.134
125.27206,41.16,19.769,-57.092,35.32,28.371,-94.568,4.98,10.53,4.65,17.716,-21.677,-4.178
125.44172,37.942,69.664,-45.511,5.712,82.201,-68.835,19.607,-27.079,32.931,31.978,-26.875,-21.711
125.60902,45.177,83.628,-52.113,53.011,51.001,-34.656,-23.943,19.702,25.59,2.787,-16.882,-14.399
125.87039,38.77,52.56,1.946,-4.762,55.153,-63.692,-4.262,-10.737,34.186,-6.553,2.101,-15.52
125.95664,47.165,39.836,-0.013,-6.048,52.43,-30.627,-19.82,-10.063,-16.043,7.235,-16.507,21.943
126.13057,45.933,31.965,-59.621,62.899,26.745,-34.866,-45.958,-33.948,-0.934,2.178,-30.877,5.491
126.29991,47.711,58.393,-36.836,28.188,52.62,-37.098,-52.357,-5.514,6.6,-15.912,-26.489,3.398
126.46635,45.457,39.09,-3.978,-9.331,49.1,-42.339,-12.843,9.624,-18.704,5.215,-7.328,-4.083
126.64789,43.468,19.985,-21.777,60.746,25.577,-57.712,29.952,24.827,-18.194,7.439,-26.258,19.077
126.81574,41.685,58.9,-33.832,3.874,1.102,-73.904,17.353,-2.225,-22.087,12.41,-10.817,-15.611
126.93188,45.318,68.67,21.546,-32.775,28.861,5.549,-12.587,35.181,9.022,-11.954,-33.028,5.59
127.15156,45.685,137.868,-6.456,-16.403,37.035,-47.47,20.513,12.307,20.164,17.29,5.775,30.899
127.33243,47.243,95.206,7.283,8.862,35.646,-46.157,9.662,35.17,-3.112,1.638,-7.642,21.438
127.61683,46.99,126.368,13.071,-17.847,49.81,-14.896,-12.908,13.32,-0.749,-1.755,-31.724,15.449
127.84327,45.195,131.716,11.211,-15.573,11.881,-56.012,11.395,27.079,-17.754,0.991,6.025,-8.78
128.01746,47.682,130.199,8.794,34.5,20.226,-29.78,2.759,28.511,14.268,5.2,-13.727,24.108
128.19152,45.41,152.613,-7.166,-18.925,-2.025,-62.412,-1.068,18.001,23.625,-7.229,-3.155,2.084
128.30172,47.683,153.571,5.028,-1.755,42.451,-13.214,-25.233,3.316,9.188,16.266,-33.159,18.43
128.52798,45.561,174.886,-15.76,-26.13,20.682,-44.421,-11.824,32.577,18.749,3.976,-1.884,10.033
128.7024,47.048,104.243,8.564,21.324,27.663,-42.345,11.618,21.124,-16.233,9.694,-7.034,18.097
128.87646,45.403,158.036,-16.897,-31.887,17.117,-55.36,-1.044,36.346,20.385,-5.969,-2.924,3.7
128.981,46.962,159.125,-8.886,-25.27,47.692,-21.346,-18.953,3.26,-2.342,34.292,-23.445,26.82
129.21909,44.911,189.438,-31.412,4.959,16.538,-57.796,5.416,25.084,20.67,3.295,-4.407,24.501
129.38753,47.567,84.789,27.775,-4.463,14.731,-32.241,23.977,8.439,-6.222,13.355,-0.924,-4.064
129.56748,47.252,151.808,-9.072,-9.267,16.666,-41.932,-3.733,22.1,8.187,6.014,-10.993,3.061
129.73542,49.219,111.58,-13.276,3.917,27.266,-54.959,-25.757,29.944,10.57,-9.982,-6.467,-0.838
129.90989,47.08,89.744,-12.408,-18.387,36.865,-52.65,1.936,-16.612,-1.006,17.981,-6.384,0.506
130.0781,48.113,89.79,31.096,-12.705,4.618,-44.736,23.179,10.707,-7.492,2.614,-12.736,-2.633
130.25234,47.166,151.233,-9.838,-8.412,14.887,-38.112,-2.709,8.309,5.117,6.561,-9.507,0.673
130.42077,48.959,82.999,-7.401,18.644,26.749,-54.594,-16.565,-0.505,8.186,-16.591,-5.778,-13.373
130.93687,49.247,77.439,25.95,-31.04,61.613,-30.961,7.785,5.547,-1.53,18.884,-10.72,-3.668
131.10005,50.323,64.552,4.499,5.2,41.291,-35.906,-33.682,4.1,0.616,-0.033,-24.219,-6.142
131.27964,47.881,104.289,-10.051,-7.435,50.686,-43.292,-5.201,37.402,2.232,2.162,-4.789,7.879
131.45401,48.044,77.302,16.223,-14.893,34.999,-50.75,-6.004,22.155,-8.682,18.248,-7.956,-2.669
131.71528,43.093,77.227,-20.96,108.758,65.862,-16.943,-30.309,34.452,0.322,-10.08,-60.192,12.491
132.13379,45.541,75.003,-43.524,14.749,50.756,-33.052,-6.298,48.231,5.946,4.642,-14.796,-3.101
132.48141,46.561,90.21,-31.49,21.409,46.306,-51.491,-13.475,14.085,10.633,-10.378,-16.174,-0.386
132.70785,42.247,96.472,-9.349,-22.845,57.503,-33.268,32.464,12.021,-12.016,29.859,-14.744,7.062
132.89379,43.351,44.958,0.444,-23.881,55.81,-17.389,40.942,2.509,-12.836,2.539,-17.855,1.069
133.16494,46.031,91.37,-28.632,42.138,47.949,-42.406,-13.846,16.942,8.932,-12.288,-20.838,3.483
133.41569,41.834,55.74,4.792,1.869,46.437,-47.851,25.141,27.773,8.048,-2.241,7.116,7.418
133.5151,42.607,32.925,-36.687,25.465,41.541,-72.678,-12.486,42.402,-10.033,26.905,-43.549,-0.686
133.85147,45.795,58.818,-59.558,34.42,47.303,-42.962,-58.908,-6.666,4.877,-14.526,-3.562,4.106
134.20036,41.494,30.822,-34.379,-7.098,63.137,-80.409,-28.3,-22.729,-6.809,22.971,-10.083,-5.894
134.26748,42.428,13.125,-10.511,38.556,59.685,-12.845,27.605,46.237,17.906,-0.121,-48.811,4.486
134.54254,46.914,52.806,-57.352,30.382,62.082,-31.046,-64.851,-7.953,8.66,-13.209,-40.927,4.188
134.70998,45.27,30.331,-45.622,-11.944,52.858,-43.903,-47.612,5.276,-12.914,0.905,-14.979,-14.196
134.8844,42.658,24.115,-39.578,39.443,41.543,-67.969,-18.666,36.023,-4.557,19.981,-39.105,2.986
135.22726,45.742,79.805,-30.344,48.778,46.783,-45.706,-13.366,7.552,11.485,-14.108,-21.547,2.335
135.48259,41.125,59.954,22.454,-6.609,53.323,-38.62,24.472,29.34,5.639,-10.956,-6.697,9.168
135.65751,42.726,23.383,19.118,-5.095,47.255,-35.034,31.778,-4.065,-7.031,-1.598,-19.246,3.805
135.91379,45.047,87.053,-23.184,42.772,50.166,-36.043,-15.304,10.855,8.605,-8.821,-16.523,3.453
136.17392,40.04,45.557,6.222,12.236,36.768,-76.119,8.568,5.587,13.235,-7.051,14.846,13.324
136.26077,42.26,25.163,-38.278,31.958,38.543,-75.399,-7.67,44.32,-11.555,20.719,-41.09,2.337
136.59719,45.983,65.065,-63.515,37.422,51.014,-21.613,-51.299,-2.944,5.811,-13.746,-38.22,11.251
136.77361,39.17,19.463,-91.488,-13.125,70.015,-63.752,-62.625,-41.34,0.109,33.867,-0.199,4.576
136.85841,41.662,33.139,-27.033,-61.069,49.682,-42.265,-36.545,-0.714,-0.537,-8.064,18.386,3.298
137.00916,41.773,5.606,-18.124,24.91,55.222,-3.446,22.797,49.107,19.773,-1.306,-49.815,0.293
137.28871,46.343,60.373,-58.798,30.493,54.494,-28.252,-57.453,-9.606,5.603,-16.461,-35.024,7.743
137.46204,44.87,46.331,-44.694,-14.081,30.898,-50.794,-41.218,5.522,-15.935,0.966,-26.919,-3.417
137.6312,43.069,35.629,-34.106,32.671,24.905,-68.901,-16.617,33.789,-2.408,16.645,-24.825,-3.208
137.97274,45.927,84.43,-18.916,40.158,40.848,-45.719,-16.21,9.027,8.889,-11.097,-12.003,-2.654
138.23383,42.755,75.747,47.312,-11.241,28.92,-36.33,9.846,22.511,7.247,-7.66,-0.18,2.553
138.3966,43.79,60.602,68.631,-2.387,36.509,-35.902,-0.326,1.304,-0.796,9.422,3.335,-6.693
138.49551,45.021,46.703,22.892,-2.92,-5.743,-61.348,13.668,2.294,-5.452,16.126,-13.1,-3.722
138.6639,47.022,93.868,-2.346,24.84,35.426,-49.793,-22.484,6.176,9.257,-13.855,-7.318,-2.924
138.88508,43.257,69.967,55.674,-6.299,39.639,-25.208,15.971,17.835,18.458,14.677,-3.515,32.751
139.00649,44.681,36.294,9.068,8.673,18.031,-65.678,12.732,23.015,-16.332,16.896,-12.897,-0.501
139.33696,46.285,62.478,-13.738,17.057,29.554,-2.344,-32.521,-6.724,-12.901,2.232,16.666,-4.469
139.67918,43.636,46.319,-2.026,-8.996,40.247,-37.324,-27.147,-30.053,-2.027,5.996,-0.957,-31.674
139.76626,44.248,18.192,51.928,2.354,51.04,-31.314,43.302,2.24,34.615,10.959,-7.31,-5.71
139.8537,44.126,39.219,-19.752,22.389,12.492,-52.908,5.552,13.27,10.51,7.823,4.981,15.682
140.01043,46.131,63.443,-3.928,-19.67,50.294,34.147,-8.567,-8.988,-14.561,7.029,-17.93,10.826
140.20757,45.914,31.386,-25.679,-15.759,41.27,-39.105,-33.58,-1.967,-26.953,0.701,-18.674,-17.724
140.38218,43.394,24.704,-17.479,24.667,31.499,-68.037,-8.814,34.863,-8.617,18.279,-27.645,-1.208
140.71846,45.743,81.01,-27.096,45.371,49.022,-41.97,-13.137,10.684,10.609,-3.861,-18.44,1.439
140.98109,41.326,60.517,24.832,-13.861,48.769,-38.969,25.3,34.824,0.279,-5.128,-2.483,8.222
141.13057,42.013,23.639,20.974,-21.51,53.243,-10.155,37.204,1.409,-11.389,5.024,-11.251,3.193
141.41011,45.718,87.242,-25.844,49.79,46.233,-45.041,-16.448,11.942,9.02,-13.553,-19.27,2.373
141.65914,40.202,48.562,-0.908,11.718,46.828,-42.555,11.115,18.735,18.228,-13.109,3.318,13.063
141.75347,42.277,29.139,-37.925,38.839,38.001,-68.538,-6.736,37.491,-5.199,25.353,-36.409,-2.372
142.09433,46.098,60.441,-64.645,36.866,46.833,-27.734,-64.498,3.966,5.47,-21.219,-44.872,8.302
142.26236,39.336,37.303,-84.817,-3.48,49.846,-74.245,-66.934,-25.481,-0.844,15.507,12.513,-10.188
142.3551,40.519,10.916,-46.709,-32.662,42.992,-55.221,-59.561,-13.568,8.456,-9.252,19.793,-2.289
142.44236,47.038,45.095,9.125,-10.723,46.095,-29.844,-12.778,-11.658,-15.032,5.052,-16.014,26.834
142.61039,45.433,48.51,-59.512,61.875,21.083,-18.413,-30.892,-26.23,-7.928,-3.778,-44.576,6.7
142.76277,44.256,25.879,-45.246,36.45,53.53,55.402,-34.99,6.894,14.336,-25.155,3.952,-0.632
143.02308,39.276,-19.304,106.911,1.771,65.099,-37.023,-12.66,10.481,0.519,-9.184,-6.509,14.869
143.12812,48.056,69.532,-23.075,33.212,58.256,-42.446,-2.904,44.147,7.191,-1.182,-19.962,-4.358
143.47025,46.628,91.933,-25.578,24.955,51.368,-53.348,-16.066,14.071,9.565,-12.837,-13.333,-1.818
143.7024,42.057,101.053,4.619,-15.957,69.843,-37.636,27.569,15.208,-9.902,21.905,-14.079,8.433
143.8883,43.131,48.644,9.899,-18.961,63.902,-19.484,33.935,1.126,-12.223,3.747,-15.153,-0.513
144.1556,45.804,93.031,-23.621,41.426,47.753,-42.14,-19.476,16.028,8.659,-11.892,-15.431,5.122
144.40503,40.763,63.969,-2.189,11.72,51.593,-46.63,12.019,31.658,9.98,-4.928,0.07,10.581
144.49583,42.649,38.787,-41.058,36.61,40.68,-62.447,-11.875,36.299,-5.499,27.779,-34.322,-2.699
144.84023,45.905,70.833,-61.236,36.194,49.4,-25.495,-56.805,3.0,7.693,-9.394,-37.259,4.917
145.02005,39.517,22.903,-78.919,-31.121,63.23,-75.702,-64.981,-30.271,-2.528,31.818,-4.335,0.305
145.102,40.294,6.032,-53.334,-30.114,52.249,-44.147,-54.715,-22.825,7.443,5.19,-4.261,9.477
145.18789,41.509,25.541,-27.232,-7.655,73.086,-78.482,-9.152,-37.771,-6.062,30.089,-13.763,-5.96
145.2585,42.048,15.967,-20.542,28.528,51.054,-8.38,21.568,40.583,15.149,0.741,-48.52,3.49
145.5317,47.023,57.757,-53.187,19.894,60.701,-31.419,-66.039,-5.272,8.275,-11.625,-36.092,3.076
145.68671,44.568,14.382,-45.608,-17.462,63.765,2.754,-37.868,5.587,-5.322,-5.751,19.372,-19.697
145.87215,42.457,16.021,-40.594,36.92,43.565,-75.95,-21.995,46.108,-12.407,14.623,-40.371,1.402
146.21605,45.623,79.671,-32.359,48.1,48.954,-46.328,-12.317,10.801,10.955,-14.714,-23.064,4.144
146.47084,41.043,58.289,17.985,-6.72,49.167,-37.147,24.513,26.792,3.569,-8.583,-8.391,5.985
146.64531,42.491,23.883,23.081,-2.075,49.771,-35.276,29.681,-4.648,-9.845,-0.06,-15.477,5.744
146.90671,45.557,81.604,-29.26,50.404,48.065,-49.155,-14.302,6.109,9.312,-18.734,-20.711,4.578
147.16231,39.148,41.609,-10.164,31.377,35.245,-70.03,5.71,7.252,19.521,-6.966,-4.824,18.453
147.24612,42.253,31.823,-39.823,43.824,34.035,-60.209,-7.999,41.48,-7.077,30.455,-34.085,0.209
147.5863,45.55,63.816,-65.399,38.881,49.936,-32.715,-57.358,3.257,4.573,-4.164,-11.29,2.908
147.84739,40.076,0.65,-50.758,-25.328,45.711,-48.514,-57.711,-28.775,17.36,-19.263,-5.064,10.005
147.9327,41.559,23.54,-25.403,2.786,62.435,-78.172,-10.885,-33.534,-4.715,23.781,-4.753,-16.946
148.02136,41.877,20.941,-22.898,48.975,47.883,-29.572,23.126,41.733,10.513,5.371,-53.888,10.836
148.27687,46.292,57.382,-59.763,36.649,52.028,-29.31,-59.888,-7.252,5.692,-19.944,-41.229,6.896
148.45161,44.688,41.162,-47.837,-10.806,34.874,-53.917,-42.201,9.603,-15.97,-14.316,-29.652,-3.431
148.61946,42.843,18.73,-45.127,34.477,39.928,-69.323,-22.705,35.039,-7.765,15.944,-37.399,3.735
148.96132,45.624,80.778,-28.119,46.614,45.927,-42.858,-13.559,8.005,9.84,-9.191,-20.933,2.177
149.22404,41.334,60.554,21.342,-8.184,52.608,-41.14,24.651,33.009,4.732,-10.557,-4.663,8.284
149.38018,42.15,23.138,19.537,-14.431,52.587,-13.617,36.519,0.999,-7.464,2.032,-9.764,0.005
149.65243,45.583,83.374,-28.823,52.412,48.18,-51.466,-16.372,6.764,8.574,-14.992,-22.102,5.733
149.90866,40.01,43.602,10.738,12.063,33.702,-77.28,9.984,7.604,12.555,-5.939,15.277,15.323
149.99546,42.289,27.522,-37.997,32.271,37.659,-68.719,-9.628,41.754,-4.372,25.9,-44.251,-0.813
150.33719,45.946,65.568,-63.268,37.482,43.829,-32.513,-57.198,-1.127,9.063,-22.869,-43.973,9.493
150.50408,39.177,34.648,-89.918,-14.857,66.105,-66.909,-63.889,-24.415,8.431,12.834,9.714,-0.142
150.59982,40.008,15.664,-55.817,-25.191,46.748,-56.344,-64.884,-3.21,14.162,-3.66,15.509,3.634
150.68594,41.799,11.955,-14.458,-5.846,65.437,-72.736,-9.103,-41.737,-11.892,41.353,-11.286,-10.731
150.76957,42.089,19.054,-13.59,45.369,43.129,-32.922,27.757,38.445,12.01,3.564,-53.105,10.731
151.02245,46.642,52.709,-55.388,31.946,63.737,-22.591,-57.242,-12.392,5.508,-8.929,-36.207,5.129
151.19655,45.4,34.666,-36.842,-13.018,47.227,-43.885,-47.885,4.597,-10.558,4.985,-18.706,-11.286
151.36553,45.439,115.888,15.405,-25.323,18.071,-25.466,-45.388,-19.16,-10.635,4.966,4.908,-46.73
151.44109,46.786,84.884,42.997,20.231,25.769,-24.264,3.97,23.775,-11.899,11.156,-18.144,-9.162
151.70757,47.776,76.185,12.864,26.635,41.443,-41.743,11.903,13.014,0.107,-4.144,-4.916,12.467
151.95692,44.29,61.207,34.924,-4.874,54.498,-43.604,37.497,29.138,2.855,9.234,-10.147,-14.425
152.12544,44.11,43.569,30.805,-12.18,56.361,-37.348,36.912,7.684,2.598,8.587,-6.76,-12.175
152.23039,45.015,17.833,3.041,-1.538,25.648,-71.714,22.281,-3.567,-2.774,19.596,-22.246,-8.373
152.3985,46.866,79.147,-15.176,30.943,46.832,-41.986,-13.021,4.666,6.554,-10.848,-14.942,3.269
152.64766,42.069,32.173,11.386,15.241,37.668,-53.235,9.46,12.156,6.09,0.843,-0.524,5.218
152.73977,44.328,18.034,-11.625,-4.856,21.978,-64.782,24.863,-7.801,-16.773,20.821,-23.249,2.655
152.91488,48.125,42.75,21.795,-46.023,51.033,-34.005,7.496,11.006,-7.957,26.52,-17.313,-13.705
153.07773,49.594,46.403,-11.139,11.379,49.279,-30.037,-28.127,-8.491,5.263,-5.731,-37.173,3.345
153.25741,47.175,82.008,-18.319,-22.293,43.177,-47.881,-5.689,34.664,3.683,3.603,-21.231,4.876
153.43211,49.123,45.031,2.448,-18.181,39.447,-35.2,5.281,-5.992,-1.828,13.681,-31.799,15.646
153.60617,48.312,70.952,6.468,3.066,23.017,-42.573,17.469,-25.064,-4.082,14.016,3.044,-5.081
153.77424,45.366,68.424,-16.701,84.488,47.866,-47.959,-31.614,-3.87,13.641,-32.536,-31.519,3.701
154.01315,39.509,-14.614,92.032,14.326,68.013,-34.282,-8.908,5.366,1.182,-12.83,-14.154,16.907
154.11057,44.324,75.113,29.433,6.415,-20.855,20.464,12.024,43.18,4.592,-15.156,-13.29,-9.004
154.45927,47.121,105.208,-23.773,25.551,45.07,-47.699,-17.365,22.865,14.461,-18.153,-13.93,0.251
154.69619,43.054,109.845,2.281,-23.397,65.487,-22.337,25.272,32.508,-6.267,11.185,-9.118,4.45
154.86558,42.849,69.224,30.856,-17.506,74.007,-31.049,30.731,7.596,-15.99,21.918,-15.085,2.449
154.97615,44.911,59.28,-18.087,-7.36,39.586,-68.09,27.84,5.604,-13.33,-5.351,-15.926,-3.125
155.14454,46.188,98.222,-22.299,35.891,52.926,-44.841,-17.956,22.493,7.392,-10.716,-14.026,3.2
155.3927,40.836,54.828,-4.42,11.268,57.219,-47.943,19.826,23.96,12.203,-4.071,-3.638,14.871
155.48594,43.12,43.651,-38.195,31.887,46.363,-55.847,-12.291,41.757,-6.782,22.853,-38.94,-7.389
155.82902,45.587,71.8,-65.563,36.262,50.846,-38.556,-56.917,6.266,5.215,-7.404,-16.259,2.079
156.07179,39.996,29.074,-65.464,-28.628,59.998,-24.029,-61.125,20.212,5.896,-3.312,5.684,5.435
156.17637,42.021,15.237,-19.847,-2.444,64.562,-76.69,-14.641,-32.722,-15.89,31.318,-4.231,-16.191
156.26463,42.545,19.262,-14.865,48.106,42.655,-28.647,30.04,41.253,5.715,1.159,-55.102,17.016
156.51379,46.841,58.401,-52.058,25.241,61.575,-20.405,-61.12,-3.714,6.793,-6.587,-29.32,1.843
156.68281,45.111,26.774,-42.57,-7.491,55.017,-26.499,-45.211,1.298,-8.12,4.604,-1.607,-13.814
156.8624,42.774,22.907,-38.534,34.383,40.949,-75.828,-20.157,37.039,-5.069,15.557,-40.03,2.796
157.20517,45.681,80.835,-27.736,44.79,46.571,-44.532,-14.03,9.585,9.068,-11.75,-19.716,1.365
157.46635,41.122,54.538,22.604,-3.026,48.647,-42.285,25.139,31.152,2.542,-11.33,-7.856,5.673
157.63451,42.462,22.7,22.242,-4.671,51.218,-38.716,28.589,-4.688,-9.229,4.499,-16.97,4.885
157.88921,45.449,85.695,-26.205,50.893,48.121,-44.004,-16.037,10.664,7.823,-11.505,-17.003,3.239
158.14367,40.78,53.968,7.707,7.121,42.049,-65.379,16.263,14.089,14.445,-15.44,12.832,8.48
158.23814,42.457,23.934,-40.169,33.634,42.918,-72.517,-9.268,41.327,-2.458,25.715,-43.205,-1.35
158.57474,45.346,56.967,-52.617,33.197,45.795,-31.769,-52.228,-7.759,8.561,-8.699,0.792,0.994
158.92363,42.017,12.938,-25.006,-6.072,73.822,-68.645,-17.386,-35.767,-9.382,30.557,-6.177,-11.225
158.99905,41.906,14.454,-20.529,39.781,55.561,-10.269,21.668,44.58,18.586,-1.863,-51.524,2.315
159.26512,46.462,58.172,-64.063,33.981,54.433,-29.699,-64.248,-6.91,6.446,-15.442,-40.506,8.661
159.43533,44.844,37.948,-49.751,-8.393,39.134,-43.78,-45.596,9.386,-17.409,1.194,-13.727,-6.052
159.60989,43.085,29.179,-28.974,30.956,28.28,-64.436,-15.265,40.66,-9.935,21.236,-24.781,-1.257
159.95025,46.155,81.689,-18.566,34.243,41.809,-42.644,-14.972,9.99,9.938,-5.387,-9.917,-1.628
160.18417,41.928,69.772,47.579,-29.992,23.666,-18.845,21.458,28.439,-5.461,19.595,-3.3,1.188
160.37447,44.375,53.793,44.536,-15.387,19.977,-27.363,14.506,-0.507,3.305,9.445,-9.7,-0.763
160.64136,46.838,90.626,-2.585,29.207,33.393,-49.188,-18.656,4.213,9.264,-15.219,-7.725,-1.035
160.8907,43.68,77.575,41.535,4.922,28.338,-50.35,6.051,19.553,20.725,5.877,7.266,25.921
160.98399,44.589,37.929,12.778,7.808,15.314,-66.751,10.416,23.289,-11.213,18.462,-14.424,-1.739
161.32091,46.775,63.449,-17.764,16.519,28.751,-18.076,-39.996,-9.309,-12.967,-2.503,2.343,-1.653
161.65138,43.867,44.356,-10.854,-12.556,37.495,-24.299,-33.34,-20.112,-5.395,-0.381,7.063,-25.833
161.74549,44.37,27.213,20.222,6.53,33.304,-28.623,32.748,30.81,20.49,15.233,-22.663,9.829
161.98821,46.112,62.66,-5.058,-13.928,50.508,31.091,-7.543,-6.863,-14.036,7.809,-16.378,8.464
162.18567,44.678,24.078,-19.843,15.833,39.122,-46.44,-20.715,4.35,-23.886,6.728,-26.593,-12.314
162.70227,45.894,79.361,-27.85,43.71,45.557,-47.381,-10.722,6.343,13.216,-15.519,-20.784,-0.482
162.95778,41.431,60.666,21.583,-9.319,47.703,-35.432,27.927,31.28,3.635,-9.434,-6.399,9.379
163.11397,42.102,22.597,21.671,-13.615,52.529,-16.556,32.753,-1.253,-10.256,3.263,-11.569,2.323
163.38685,45.771,84.859,-28.116,45.712,44.944,-48.365,-18.823,9.969,10.563,-15.817,-21.279,5.793
163.63202,40.347,38.391,7.462,20.833,42.753,-32.847,21.925,18.596,13.862,-5.589,0.735,15.908
163.73107,42.905,16.409,-38.293,31.159,43.53,-66.593,-6.682,35.142,-10.113,26.405,-30.476,0.511
164.06041,44.63,61.56,-61.525,24.285,56.396,47.149,-44.295,13.107,1.387,14.387,5.846,4.317
164.24639,40.846,30.72,-58.026,-47.064,57.924,-65.262,-60.134,-33.805,-5.818,31.305,0.131,2.045
164.42036,46.808,47.481,10.959,-7.664,47.933,-29.775,-10.509,-10.038,-19.014,6.485,-20.673,29.705
164.58907,45.412,47.814,-60.576,63.448,19.801,-24.167,-34.3,-26.544,-4.634,-3.455,-42.418,5.6
164.75188,45.531,36.551,-42.913,65.888,43.711,-5.785,-43.986,-10.506,6.709,-20.754,-12.879,4.948
165.00036,39.32,-21.848,101.216,2.054,60.825,-36.857,-9.953,11.763,3.59,-9.327,-7.302,12.077
165.10599,47.7,67.985,-20.073,31.529,57.831,-40.971,-5.074,45.267,8.025,1.762,-18.193,-5.507
165.44798,46.516,89.091,-22.681,26.714,53.559,-50.603,-18.759,15.977,10.459,-11.678,-14.369,-0.885
165.68104,41.939,102.17,5.228,-12.232,71.359,-37.938,24.188,13.105,-11.593,20.077,-14.672,6.237
165.87125,43.37,49.428,16.028,-7.036,62.567,-28.444,28.515,-1.011,-12.977,-0.676,-16.026,3.246
166.13247,46.289,82.869,-19.084,33.933,53.422,-36.562,-20.681,2.46,8.041,-18.578,-28.821,7.8
166.30707,40.265,91.857,17.238,-26.353,51.429,-54.092,17.81,-20.183,-10.022,48.65,-25.197,15.507
166.47859,42.876,27.991,-45.091,27.963,39.768,-74.183,-18.202,43.854,-5.401,29.134,-42.407,-2.161
166.81782,45.552,70.775,-60.739,33.475,48.799,-33.13,-53.646,6.759,6.679,-1.966,-14.188,-1.598
167.06218,39.647,16.823,-60.039,-22.468,48.097,-18.16,-61.163,18.235,10.738,-10.681,6.17,5.332
167.16717,42.236,8.57,-28.285,-8.139,68.778,-72.658,-27.644,-35.02,-16.579,33.002,-6.411,-16.738
167.24218,42.205,16.86,-15.824,40.84,50.111,-17.583,23.262,42.179,11.317,5.292,-50.161,6.767
167.50304,46.473,52.69,-54.215,32.215,60.413,-20.417,-56.873,-8.617,6.288,-4.145,-33.175,4.395
167.68331,45.169,28.123,-42.43,-14.142,46.241,-49.39,-46.128,0.978,-10.619,-6.969,-27.305,-13.254
167.85252,42.434,25.325,-39.006,36.088,41.16,-68.417,-15.228,33.085,-4.474,19.275,-36.641,0.097
168.1937,45.493,76.283,-25.338,43.034,44.592,-40.27,-13.122,12.509,12.243,-14.647,-17.554,1.874
168.44961,41.21,60.306,22.068,-8.561,51.914,-37.861,25.272,33.545,3.48,-7.972,-3.266,8.683
168.61197,42.333,22.082,18.842,-11.771,51.968,-17.164,36.413,-1.151,-7.731,-0.301,-8.79,-0.427
168.87909,45.488,85.398,-25.039,48.716,50.092,-43.946,-18.006,11.018,6.868,-8.832,-19.913,5.123
169.13247,40.174,44.071,8.929,14.646,36.046,-64.261,11.705,11.56,13.147,-3.802,11.638,15.655
169.22726,42.206,25.687,-40.494,33.517,37.627,-71.841,-11.706,42.082,-4.173,23.076,-40.816,2.949
169.56381,45.427,55.992,-59.877,37.881,48.709,-38.152,-57.306,-2.873,8.32,-6.881,4.184,4.921
169.91107,41.663,12.697,-29.707,-0.475,72.86,-81.845,-12.815,-33.36,-9.855,22.78,-14.106,-8.303
169.98798,42.396,9.968,-17.319,43.543,52.265,-16.632,19.733,46.738,22.065,2.599,-46.777,0.658
170.25474,46.367,59.911,-60.552,32.504,50.319,-32.996,-61.578,-2.805,7.978,-19.629,-41.041,6.56
170.42322,44.743,41.504,-45.352,-12.599,33.551,-40.718,-39.367,3.044,-12.687,-4.203,-9.101,-3.729
170.59782,43.916,10.311,-13.255,12.259,35.349,-67.729,-1.316,12.192,-15.141,22.175,-8.87,-4.056
170.93941,46.343,72.168,-14.239,34.406,48.299,-39.625,-15.997,6.461,4.051,-9.186,-10.493,2.445
171.18385,42.439,36.645,26.496,-20.654,42.184,-23.187,-1.761,22.325,-9.609,-11.72,2.111,18.228
171.3693,43.53,15.187,26.268,-10.262,46.279,-31.448,8.951,-8.386,-7.58,0.229,-6.991,13.377
171.62422,46.347,81.382,-8.168,34.945,43.107,-35.788,-23.019,2.135,-1.812,-10.851,-5.414,-0.616
171.89134,42.131,15.541,40.373,4.667,44.093,-59.724,-11.107,-18.235,-4.947,-3.735,5.868,3.923
171.97265,44.934,12.362,3.427,2.842,32.857,-67.404,-11.101,5.76,-7.716,19.148,-15.802,-17.44
172.31515,47.166,59.21,-25.339,16.896,41.562,-36.77,-42.257,-13.499,-4.1,-9.983,-4.699,-5.474
172.65279,44.586,26.606,11.078,-11.061,52.1,-50.571,-17.441,-28.588,0.756,13.379,6.48,-27.915
172.73923,45.219,29.012,64.451,3.071,48.348,-43.801,41.359,-2.794,18.173,7.921,-5.63,-15.474
172.83184,44.482,33.117,10.827,27.106,15.023,-77.09,23.3,28.299,9.281,18.18,-20.295,-26.364
173.00032,48.82,67.078,-8.772,-7.505,43.929,-27.983,-40.817,-6.714,-2.683,-7.936,-11.492,-1.479
173.13995,47.533,8.72,15.759,-22.481,57.798,-28.281,-8.291,8.596,2.223,-7.158,-6.064,-1.126
173.34363,47.87,79.403,35.093,9.526,17.884,-43.484,13.864,16.425,-7.698,-13.096,-4.396,-3.931
173.69102,48.743,82.95,36.761,26.01,36.664,-44.359,16.686,9.571,-8.129,-17.425,-6.689,15.56
173.9229,46.185,95.257,85.313,9.398,46.477,-32.627,41.033,35.853,-5.003,10.537,3.237,-2.245
174.09741,46.604,74.102,89.724,8.689,36.789,-39.167,39.337,9.73,-34.812,8.611,-8.51,-8.498
174.20154,48.055,59.368,41.636,4.761,10.654,-55.373,23.835,30.217,-25.194,3.388,-5.925,-10.389
174.37596,49.09,99.759,40.711,26.349,20.379,-33.951,-10.209,14.964,-30.92,-16.575,-9.65,-10.753
174.61968,46.387,118.404,59.252,-2.557,27.858,-32.617,-5.661,21.751,-14.199,-1.175,7.537,-2.825
174.71846,48.245,75.792,37.54,6.84,-21.749,-24.435,3.205,-5.229,-33.251,6.553,-20.411,-27.266
174.89256,49.532,64.859,32.026,-43.057,33.382,-26.078,2.293,1.896,-7.731,18.688,-8.602,-26.512
175.05592,50.027,80.523,22.245,10.098,29.007,-25.909,-46.535,5.54,-3.216,-6.823,-23.233,-14.806
175.24086,46.637,131.042,27.457,-18.038,52.743,-24.642,-30.201,27.043,5.6,-3.113,-11.277,2.626
175.40376,49.879,75.967,22.336,-16.47,12.737,-37.672,-5.469,10.173,8.776,25.454,-6.427,8.926
175.67048,46.5,65.158,-2.932,44.404,37.745,-14.98,-26.878,17.756,11.4,-2.764,-56.266,6.613
175.98381,39.564,-10.23,94.605,2.11,70.219,-30.74,-5.133,11.093,-1.96,-0.576,-0.141,12.501
176.09451,47.742,64.864,-24.057,29.872,56.586,-46.409,-3.217,43.064,12.072,-1.414,-17.857,-2.659
176.43701,45.564,100.82,-49.115,42.082,41.341,-44.298,-43.051,29.598,14.994,-16.682,-34.532,-7.378
176.60408,39.236,161.226,-35.956,-34.608,40.669,-62.163,-19.361,0.963,17.47,15.758,-14.926,-33.669
176.69202,40.369,112.862,-27.1,-24.31,47.475,-66.188,-12.285,-0.231,-2.132,-1.736,-14.967,-9.385
176.86676,39.944,104.259,-36.153,-24.344,42.831,-59.557,-32.824,17.012,15.53,-12.98,-6.367,-11.876
176.94707,41.573,55.457,-75.953,40.72,23.028,-78.407,-8.748,23.398,-7.985,12.567,-23.226,-10.071
177.10862,44.017,98.252,-43.028,49.949,63.497,21.753,-49.276,41.565,9.833,0.572,0.874,-6.712
177.29569,41.025,71.486,34.047,-38.002,78.921,-28.924,-20.07,-27.089,-21.906,60.311,-2.921,10.587
177.45805,43.25,15.911,-50.47,80.756,39.219,-71.236,6.402,43.572,-7.006,11.098,-27.477,9.203
177.63968,40.01,77.738,-31.87,76.32,61.647,-41.111,33.283,36.804,3.532,42.222,-16.955,3.103
177.80313,44.592,86.764,-46.112,73.7,41.273,3.938,-19.061,56.362,3.71,-0.743,-4.384,3.695
178.0678,37.22,84.939,-44.476,2.467,14.249,-66.811,-19.659,10.957,13.636,-21.611,2.15,-3.378
178.15624,42.469,79.168,7.75,27.481,23.165,-5.702,17.999,12.469,-34.673,52.146,-33.187,14.437
178.32667,40.052,34.473,-71.16,46.514,-1.725,-100.164,-6.993,30.366,-12.838,7.457,-23.521,5.136
178.49782,46.389,71.269,-44.232,74.971,43.345,-28.001,-14.103,32.648,3.791,-18.271,-51.617,31.484
178.67234,43.937,80.53,-7.5,-15.126,20.554,-61.346,11.923,-2.059,-15.798,-8.511,-6.667,-5.915
178.8341,43.489,15.164,-22.625,55.391,48.971,-63.951,15.857,29.504,12.896,10.261,-16.023,-3.933
179.17678,44.768,75.644,-52.241,51.954,51.6,-31.553,-21.639,14.261,23.006,2.43,-13.998,-11.411
179.44295,38.698,57.956,10.285,-7.424,66.315,-68.19,-10.734,-1.889,39.762,-5.954,9.348,-18.393
179.53084,40.656,60.712,-13.456,-7.258,45.704,-85.465,14.899,-7.44,6.18,41.179,-20.412,-14.566
179.69927,41.114,19.98,-54.333,42.97,25.065,-89.844,1.525,0.585,-1.364,22.066,-24.514,-11.153
179.86041,44.68,68.478,-42.914,48.335,51.002,-24.933,-13.64,7.43,28.189,-0.255,12.052,-15.93
180.21646,41.312,17.216,-57.191,34.453,26.325,-93.542,5.354,10.861,1.491,17.399,-23.152,-4.179
180.3854,38.12,70.029,-42.567,11.839,76.899,-72.752,16.313,-24.978,30.328,35.427,-22.335,-24.667
180.55234,44.971,77.311,-48.97,54.841,52.726,-38.983,-25.124,20.67,24.281,-1.074,-18.451,-12.838
180.81519,38.426,46.425,5.997,-2.814,56.06,-60.418,-7.859,-11.123,32.793,-9.197,2.779,-12.183
180.90141,47.205,36.193,3.432,-12.406,49.604,-26.464,-17.105,-11.49,-12.78,10.344,-14.048,18.317
181.07456,45.802,33.538,-62.46,58.393,26.298,-26.821,-38.199,-37.454,-2.906,-1.318,-33.718,1.746
181.242,47.679,53.744,-35.818,27.09,50.736,-35.237,-51.825,-6.901,4.947,-19.72,-28.291,3.365
181.41143,45.771,29.992,-7.228,-19.809,45.108,-40.062,-12.323,-1.94,-17.281,1.981,-7.118,-2.709
181.58585,46.587,35.539,-21.01,53.744,47.085,-38.581,-5.035,22.046,4.013,14.455,-12.166,-0.262
181.92943,44.567,92.823,-53.184,59.094,37.506,-48.446,-38.351,24.721,13.142,-16.877,-20.237,-11.122
182.18943,37.989,70.193,-29.483,-11.586,25.795,-59.392,-20.607,0.59,15.181,-15.377,0.156,-13.652
182.27705,38.53,83.957,-14.635,6.849,33.8,-86.702,-3.004,-24.434,-18.044,23.527,-3.925,-6.439
182.36263,38.278,57.695,-26.054,-9.473,29.716,-73.077,-28.487,-11.248,18.307,-6.809,4.802,-13.948
182.4468,40.63,28.531,-71.898,49.547,13.262,-85.096,-9.637,16.311,-7.934,18.229,-24.883,-4.619
182.60766,43.827,91.529,-43.939,61.735,61.66,14.084,-51.131,37.838,13.204,-8.423,-3.661,-6.759
182.79329,40.949,58.426,36.894,-32.952,71.19,-28.458,-20.241,-27.478,-27.591,67.559,-7.493,11.122
182.94993,42.74,10.39,-43.182,86.534,39.547,-64.774,6.022,42.561,-5.9,17.183,-22.647,11.645
183.13329,39.871,66.247,-32.731,92.414,58.934,-55.648,32.323,30.754,7.513,38.077,-19.025,3.919
183.29556,45.036,84.885,-44.49,84.402,41.501,-18.64,-21.417,50.608,3.024,-3.456,-16.892,9.028
183.56159,36.883,72.637,-42.474,13.565,13.627,-57.702,-18.994,7.234,20.09,-18.357,-9.856,3.985
183.64499,42.342,77.151,2.381,25.222,24.241,3.281,22.969,6.569,-30.177,48.914,-34.664,16.155
183.82104,40.276,40.286,-66.695,55.079,1.365,-95.041,-7.829,24.354,-9.758,7.032,-22.088,-0.327
183.99274,46.503,68.87,-41.135,72.746,39.964,-31.764,-10.169,30.297,5.835,-20.177,-45.46,28.608
184.16544,43.86,77.475,-3.343,-14.094,16.849,-60.215,8.786,7.372,-15.933,-2.431,-0.082,-7.517
184.32526,43.339,9.373,-22.549,55.746,46.798,-57.751,19.257,29.182,10.121,11.448,-8.847,-6.116
184.67361,45.007,75.879,-53.84,52.819,50.412,-43.654,-23.992,13.67,22.326,-4.883,-22.593,-9.609
184.93655,38.584,48.853,-0.153,4.517,65.508,-59.656,-8.931,-6.984,36.18,-7.157,-4.54,-13.797
185.02263,40.756,62.629,-14.988,-2.082,43.659,-81.292,15.029,-8.547,4.979,42.601,-16.517,-19.595
185.19732,40.892,10.539,-57.297,38.674,21.573,-100.889,3.408,1.029,5.008,17.51,-28.602,-7.426
185.36639,45.565,74.154,-49.812,48.065,49.466,-36.829,-26.215,8.51,25.345,-16.54,-46.125,-4.687
185.53873,39.722,72.759,-2.778,-11.225,60.228,-76.676,-3.861,-18.887,26.33,43.263,-19.166,-16.907
185.70621,41.388,19.372,-54.531,42.488,25.418,-85.806,2.966,7.041,-1.323,21.499,-21.231,-6.055
185.88327,37.819,67.466,-41.321,3.403,79.873,-80.879,16.306,-24.334,30.928,35.612,-29.833,-21.731
186.05007,45.133,75.357,-52.772,54.428,46.875,-48.962,-24.969,16.984,25.912,-8.146,-26.413,-13.233
186.31088,38.863,47.34,8.325,-14.243,51.617,-66.099,-10.709,-16.161,34.579,-4.494,13.459,-14.1
186.39814,47.414,40.483,7.891,-9.962,50.101,-34.676,-17.367,-10.73,-13.3,2.335,-13.684,19.738
186.56639,45.631,27.615,-59.944,60.662,30.795,-22.678,-39.929,-28.466,-2.816,-2.85,-27.561,1.223
186.74086,46.533,27.048,-38.958,57.261,46.049,-36.809,-51.847,-33.923,8.637,-26.245,-32.304,1.841
186.97846,40.002,-33.893,82.336,0.007,49.83,-47.007,-10.28,15.696,4.537,-21.955,-7.069,12.287
187.08259,47.942,64.416,-17.634,29.267,60.601,-41.331,-4.443,38.892,9.239,0.555,-18.933,-1.82
187.41937,45.557,100.882,-46.924,41.01,40.819,-32.426,-42.222,37.073,11.132,-9.706,-28.702,-7.112
187.59193,39.173,158.432,-37.782,-37.398,45.957,-57.406,-15.995,1.961,19.462,16.601,-13.543,-27.707
187.68145,40.667,106.803,-25.087,-33.281,47.223,-64.672,-10.102,-4.658,-2.264,2.466,-10.769,-3.314
187.94236,41.427,54.038,-73.044,33.562,19.906,-90.04,-11.757,21.572,-10.898,6.392,-31.904,-9.04
188.09837,43.962,100.144,-40.188,47.947,67.881,26.972,-46.995,40.992,9.771,1.271,5.513,-5.586
188.28476,40.939,73.085,35.305,-40.739,78.525,-25.407,-21.993,-25.273,-26.03,64.322,-5.917,6.491
188.44707,43.124,14.481,-49.924,78.299,36.619,-76.023,5.083,43.322,-7.418,11.954,-28.833,11.336
188.62739,40.115,78.331,-33.132,79.241,64.935,-48.688,34.408,36.828,5.036,39.137,-17.865,4.055
188.78245,43.887,85.973,-50.756,63.124,49.494,31.784,-12.638,55.914,4.105,14.05,5.135,2.851
189.05773,37.057,75.892,-39.577,3.009,12.306,-64.563,-17.875,8.615,16.619,-18.296,-0.885,2.993
189.14626,42.627,76.021,2.455,27.855,25.58,-2.643,21.499,10.339,-30.728,47.108,-40.669,15.383
189.31519,40.005,38.533,-68.286,53.085,1.376,-98.03,-8.835,30.722,-14.045,7.756,-25.555,3.243
189.48735,46.566,69.832,-43.514,72.178,42.62,-27.724,-11.326,33.605,3.463,-17.528,-48.505,27.851
189.66091,44.094,78.396,-2.997,-13.513,15.734,-61.354,8.991,-0.055,-12.162,-9.294,-8.778,-4.578
189.82259,43.39,15.413,-17.306,52.736,48.951,-69.011,14.16,34.798,10.484,12.439,-19.332,-6.332
190.17166,44.938,71.932,-51.611,52.249,44.807,-49.974,-26.168,9.924,25.897,-13.167,-24.314,-12.508
190.43274,38.637,50.227,2.143,-3.038,61.99,-65.812,-8.0,-4.174,41.722,-5.713,2.601,-18.549
190.51991,40.891,61.958,-14.214,-4.091,40.257,-86.68,13.371,-8.694,4.339,39.359,-18.904,-20.409
190.68821,41.315,9.805,-67.159,39.384,21.931,-88.33,2.792,1.997,2.204,22.85,-24.599,-5.91
190.85166,44.668,69.829,-42.497,49.329,53.466,-21.659,-15.504,7.566,27.772,-0.076,15.528,-16.9
191.20458,41.035,18.317,-52.675,40.168,29.767,-98.399,5.74,16.153,1.525,18.732,-24.971,-6.78
191.37306,37.834,67.696,-43.273,3.787,81.857,-75.034,19.905,-26.193,32.586,31.573,-26.389,-20.495
191.54163,45.044,78.223,-46.633,52.317,50.684,-37.456,-24.772,17.927,23.371,-2.653,-16.029,-15.629
191.80281,38.703,48.154,-1.003,-6.394,55.999,-51.973,-9.016,-11.297,39.888,-16.145,-0.527,-8.922
191.88971,47.043,36.173,6.106,-8.591,44.769,-29.683,-14.668,-12.173,-11.26,0.319,-10.507,17.98
192.06404,46.004,34.344,-64.869,54.703,27.112,-29.433,-40.799,-29.282,-0.606,-6.113,-41.441,0.996
192.22091,46.957,44.05,-37.97,18.121,59.457,13.716,-48.336,8.317,11.337,-8.586,8.087,1.23
192.40045,45.723,26.893,-7.354,-16.832,44.316,-45.052,-16.192,2.497,-16.732,0.135,-5.921,-0.189
192.57569,44.194,13.831,-8.373,46.176,20.001,-40.23,18.302,9.665,-19.02,11.652,-21.196,12.82
192.74916,42.726,34.642,-11.312,7.677,28.915,-79.45,16.093,-26.142,-13.347,6.021,-6.76,-5.937
192.91125,46.534,66.676,-29.141,43.026,28.974,-25.402,-16.287,17.562,14.997,-17.501,-17.596,-8.338
193.09243,42.504,48.635,-15.1,-2.185,9.044,-73.942,1.759,-7.729,-25.888,25.153,-3.859,2.798
193.2654,45.215,33.014,-2.032,27.285,26.47,-45.58,-7.488,5.006,-19.718,5.492,-6.247,22.283
193.60145,46.801,77.178,-18.419,41.853,33.654,-41.498,-25.947,11.977,5.739,-25.446,-13.156,-0.744
193.77642,42.631,52.025,-0.348,-7.122,17.101,-59.689,-2.744,-16.303,-21.383,20.345,2.048,-0.938
193.94948,44.434,23.545,14.068,37.767,23.145,-47.241,9.888,16.812,-20.709,6.067,-8.775,6.403
194.1181,43.826,31.215,7.76,2.892,39.693,-57.238,-5.289,-23.369,-11.848,14.109,-0.321,-22.2
194.28762,46.825,82.595,-8.332,37.658,32.906,-34.703,-25.934,21.812,8.096,-18.764,-12.078,-11.219
194.4673,43.323,56.068,8.734,-7.614,27.192,-66.506,-0.97,-2.342,1.114,28.897,-11.182,-28.415
194.63524,46.17,42.931,30.201,27.542,30.119,-45.518,15.244,21.326,-6.77,18.478,-1.772,-4.357
194.80921,44.499,34.416,31.809,10.062,30.02,-69.658,21.519,0.636,0.387,19.834,-8.67,-21.248
194.978,47.799,82.992,4.629,26.791,32.524,-40.581,-3.459,7.58,7.962,-11.543,-11.14,-4.956
195.15206,44.305,53.888,36.894,35.232,26.043,-74.821,50.848,29.652,19.383,25.165,-5.936,0.709
195.32036,47.47,58.787,38.363,-5.116,17.394,-49.454,35.188,2.717,1.912,5.621,-3.483,7.075
195.49447,47.429,84.522,26.49,37.018,18.462,-37.171,43.567,-4.327,2.898,2.704,-5.357,22.366
195.66336,48.982,60.944,15.77,7.727,26.7,-40.625,6.065,-5.297,-2.346,-11.702,1.05,5.172
196.01705,48.325,76.593,39.488,-7.184,5.537,-40.655,40.492,0.442,-14.668,-2.962,-17.187,15.078
196.18499,47.682,119.234,22.86,30.887,-8.51,-39.069,19.56,7.754,-30.49,-6.152,-5.481,3.975
196.35379,48.868,97.91,19.939,34.407,4.992,-42.373,-18.515,41.382,-20.076,-14.846,-11.892,-19.019
196.82385,42.367,167.426,119.13,-83.758,19.981,7.939,-43.138,-52.294,-66.058,20.123,-16.87,-21.384
197.10213,46.036,89.031,65.492,42.296,40.269,-35.638,-94.398,30.657,-10.515,-0.86,-8.751,-13.87
197.22417,42.997,194.078,34.045,-1.038,58.54,-28.586,-98.583,34.057,10.25,-36.663,8.61,-26.437
197.3639,43.794,144.844,47.666,-9.096,46.401,19.763,-84.81,-13.802,-11.769,50.145,-27.874,3.503
197.59029,38.523,199.019,69.667,-10.907,91.72,6.251,-72.895,-9.711,13.288,15.0,-29.185,11.929
198.06617,48.054,105.181,24.51,13.145,38.047,-19.73,-18.512,55.331,6.433,-6.233,4.367,-19.848
198.4146,44.421,113.527,29.34,76.768,65.258,-22.513,-32.506,35.207,-9.27,-2.736,1.678,-10.906
199.29633,41.382,19.353,40.391,-8.81,54.807,-35.599,-2.423,21.055,-23.259,31.125,23.535,-3.794
199.43029,42.041,40.036,10.764,71.178,42.052,-68.883,-13.254,39.533,-17.466,1.741,-5.389,6.382
199.62712,39.33,69.439,66.606,57.283,53.995,-84.254,14.676,35.426,2.941,-5.263,-9.537,-7.278
199.7668,36.525,73.586,68.129,49.988,55.598,3.273,-28.831,42.955,-24.511,2.908,-14.526,0.211
200.1327,36.347,97.319,66.78,109.183,88.965,15.012,-41.46,11.585,-49.423,24.197,-24.805,13.942
200.48122,38.887,-2.492,-10.352,92.605,39.454,-7.721,8.432,37.345,2.548,-26.345,3.983,18.986
200.74317,35.287,-22.419,37.197,44.148,74.056,16.305,4.456,13.091,-6.526,27.272,-6.436,1.768
201.4976,37.919,-21.372,2.75,107.977,89.701,-29.913,-4.043,-11.268,4.77,24.15,2.41,-5.295
202.18245,38.761,-27.478,2.704,90.566,82.386,-18.814,5.459,-20.283,-4.214,26.784,-5.358,-2.271
202.53528,38.766,53.623,45.536,39.381,56.668,-17.987,-17.169,-0.426,7.523,-16.673,0.395,-14.001
202.71615,36.959,-69.526,16.784,-2.729,40.196,-44.041,-28.303,14.884,9.84,32.924,7.653,-0.928
202.81483,41.939,29.467,91.815,-35.854,61.733,8.813,15.282,40.017,21.26,-20.617,-28.74,-2.188
203.05864,39.31,122.831,10.156,114.291,39.76,-25.257,-23.208,-45.989,1.554,3.979,-41.329,-2.339
203.22086,39.745,27.346,9.789,45.966,35.103,-40.516,-14.05,1.733,8.147,-24.569,9.334,-9.031
203.45896,39.189,-21.016,101.175,5.233,62.231,-32.322,-9.248,10.176,2.529,-5.511,-8.34,11.546
203.56413,45.758,89.049,-11.952,61.388,59.127,-46.429,-22.673,59.11,12.158,-14.064,-8.755,-11.315
204.06304,37.903,154.238,62.267,-33.164,78.657,-22.648,-38.5,-4.165,-14.355,0.587,-4.588,-21.567
204.25456,39.911,132.257,79.102,6.115,49.682,-44.385,-30.111,-9.269,-28.291,5.608,-2.845,-21.949
204.32966,40.033,129.989,100.705,6.972,66.117,-29.411,-46.533,0.358,-18.89,-16.587,5.195,-3.96
204.77723,42.802,52.383,66.454,-22.814,57.023,-13.682,-14.611,14.874,10.656,37.212,9.611,20.55
204.91605,43.787,56.235,43.24,47.242,47.653,-46.234,12.416,25.398,-17.596,13.139,15.115,14.657
205.12494,41.226,72.36,99.195,41.662,40.426,-67.009,28.882,19.516,-8.629,-12.808,-13.462,-12.902
205.26408,40.16,81.117,111.017,31.98,42.946,-8.279,-17.11,29.835,-17.929,-1.731,-4.932,1.289
205.61256,40.163,106.197,120.553,40.824,82.445,9.966,-25.556,-13.397,-25.387,18.689,-23.768,8.476
205.81578,37.467,113.607,123.322,22.499,92.146,-30.056,-20.163,8.09,15.726,-7.551,8.164,47.366
205.94367,39.643,39.523,61.174,23.056,45.533,-15.167,6.994,26.78,-31.54,29.137,-19.201,19.632
206.25805,39.849,-16.291,68.238,21.316,57.066,-16.521,-5.704,14.736,-6.367,-9.287,-29.892,4.498
206.65769,40.181,-17.834,90.779,74.014,59.508,-58.528,-8.856,9.636,-30.477,21.635,24.09,12.015
206.75057,40.167,-20.823,104.263,67.856,56.602,-95.257,-14.78,14.024,-24.044,16.314,18.967,22.83
206.83769,42.102,-20.366,121.741,37.732,56.33,-65.414,-8.137,-2.786,-39.181,-2.789,-8.894,23.334
207.00032,40.512,-24.397,18.34,66.666,58.097,-55.291,-0.739,-8.564,-5.798,9.922,-30.065,-2.183
207.31932,39.851,8.984,108.219,32.347,64.182,42.71,21.391,-3.919,-18.104,-29.775,29.645,1.636
207.51728,38.395,8.178,120.46,107.229,61.082,-91.142,-24.189,-22.058,-47.718,23.155,16.877,26.408
207.60363,38.254,3.753,117.827,107.304,75.62,-96.102,-25.743,-16.326,-51.259,27.574,14.046,27.196
207.68535,41.821,-11.538,34.986,30.139,64.578,-54.732,7.411,2.915,-14.954,19.651,-10.333,3.68
207.86531,44.307,59.0,60.266,-53.901,98.618,14.178,-34.521,9.05,-5.738,10.181,0.817,-10.661
208.19574,44.082,88.518,1.695,-48.473,77.242,-15.901,-41.007,44.631,14.694,3.207,10.893,3.304
208.34689,47.144,57.86,45.339,1.8,79.199,-22.182,-14.949,5.616,-4.146,7.57,-17.465,14.969
208.55605,43.107,143.625,45.236,38.649,39.362,-34.536,-32.793,-32.937,-12.889,5.207,-14.873,4.585
208.6429,39.069,75.968,31.975,116.233,109.249,-22.516,-35.059,29.418,-5.798,-17.364,-23.206,13.584
209.05469,46.122,79.761,-12.297,43.503,63.572,-33.862,-13.102,53.02,9.147,-1.417,4.232,-9.397
209.40336,45.11,69.013,8.885,47.743,86.028,-20.072,-3.711,15.241,-11.146,20.653,-11.001,3.802
209.58948,38.287,117.132,0.424,28.55,96.396,-43.698,-45.731,11.266,9.349,-19.207,-16.219,-16.9
210.1,33.07,124.814,21.933,-18.095,138.199,-27.891,-81.632,-27.475,10.921,-9.187,-9.006,-12.378
210.29161,39.202,-26.493,-2.223,-22.094,65.65,-67.903,4.733,4.118,-20.552,9.013,35.181,-2.739
210.36726,39.533,28.214,16.282,34.881,84.957,-16.425,12.748,22.468,-10.617,-17.845,-65.685,17.549
210.61628,37.789,59.085,25.192,90.75,82.688,-92.049,14.721,39.252,11.027,-1.791,-25.776,7.845
210.75556,34.04,47.442,23.146,52.745,102.32,25.994,-14.684,53.79,-17.344,-2.774,-31.89,8.799
211.11587,35.062,89.606,44.558,109.852,106.849,20.13,-34.218,4.768,-53.322,25.523,-30.494,13.78
211.46998,37.869,-15.924,-25.821,108.178,51.777,-20.839,15.152,36.778,-4.405,-28.198,9.984,16.903
211.7541,38.055,-41.871,43.804,43.571,75.601,-11.862,-0.532,13.772,-5.459,-23.053,-57.498,11.88
212.16644,35.465,-4.974,32.326,130.553,57.255,-105.511,8.025,9.199,0.724,21.564,-30.638,9.537
212.3107,33.951,-30.479,50.15,71.639,82.197,69.114,11.335,29.448,-16.697,-21.903,-28.399,6.259
212.49152,39.376,-34.726,4.377,89.749,71.325,-55.56,-0.694,-12.135,-1.21,17.358,-36.023,4.335
212.85125,35.114,-20.067,40.722,137.672,46.036,-106.869,7.387,-0.796,1.444,30.51,-26.313,11.603
212.99637,33.555,-43.044,50.655,76.892,76.599,80.544,13.422,13.942,-9.271,-30.142,-38.728,8.268
213.17669,39.191,-33.603,1.314,91.278,73.945,-44.298,2.772,-19.275,-6.024,21.605,-30.175,2.73
213.52435,38.741,54.815,45.701,38.598,56.989,-18.597,-16.248,0.843,8.228,-17.166,0.529,-13.413
213.69909,37.057,-64.344,20.467,-5.127,43.023,-38.426,-27.325,9.261,4.814,40.841,6.633,-1.231
213.80327,41.834,27.687,91.777,-30.202,62.058,10.507,17.451,38.32,22.713,-20.066,-31.429,-2.153
214.04839,39.344,123.587,14.989,114.226,38.529,-26.5,-26.619,-44.436,-0.246,4.96,-44.039,-1.088
214.20975,39.711,26.392,9.886,45.078,34.959,-42.557,-14.003,1.698,7.168,-25.014,8.349,-9.008
214.44857,39.148,-21.394,99.709,5.833,62.631,-30.191,-9.061,9.848,3.617,-4.495,-9.672,12.914
214.55188,45.455,86.978,-17.233,64.454,62.614,-43.982,-23.975,61.09,14.347,-10.833,-9.366,-10.356
215.05166,34.795,166.3,36.793,-21.617,127.884,-24.67,-66.146,5.347,11.037,0.281,-12.543,-18.284
215.23746,34.695,125.849,30.436,1.57,122.537,-66.174,-63.787,-21.272,-16.896,5.479,-4.638,-18.259
215.33673,33.537,144.222,13.419,-3.079,132.488,-32.248,-88.601,-17.732,14.783,-8.532,-7.991,-16.264
215.56245,31.877,124.858,30.748,-36.383,148.565,-22.518,-83.185,-3.489,8.161,-0.629,-14.359,-11.089
215.76014,37.391,-2.036,-3.367,-46.839,98.924,16.798,-5.498,-3.834,-24.757,49.392,-5.166,2.065
215.8581,39.641,29.071,14.583,28.931,81.732,-21.681,10.437,22.982,-11.177,-18.81,-65.329,18.33
216.10816,37.568,58.588,22.331,90.202,83.128,-81.133,16.854,38.43,11.193,-2.192,-17.968,6.842
216.25311,34.169,46.354,21.615,63.076,100.482,24.346,-15.379,55.035,-15.872,-5.283,-25.657,7.497
216.61315,35.301,85.119,47.549,117.844,105.834,12.224,-38.592,10.754,-53.085,25.208,-29.358,17.362
216.96095,37.804,-17.745,-27.169,101.785,54.317,-10.852,14.316,39.321,-4.865,-23.882,4.088,15.6
217.24594,37.956,-40.296,45.708,40.737,72.778,-11.91,-1.605,11.333,-7.792,-15.434,-50.813,10.998
217.6522,41.094,-32.533,116.367,49.863,56.651,-70.288,-3.556,-9.993,-46.894,7.629,-7.861,19.561
217.82082,38.86,-51.904,96.556,106.713,57.268,-83.329,-3.917,-5.148,-52.668,24.074,12.086,16.549
217.90812,39.87,-32.388,93.947,69.027,67.276,-98.94,-14.454,17.702,-44.885,27.458,24.523,10.695
217.98916,39.497,-35.065,3.922,86.11,69.279,-58.395,-0.554,-9.626,-0.06,11.937,-43.272,4.945
218.33116,38.465,-18.766,86.375,130.347,56.252,-65.802,-6.11,-34.498,-38.859,12.654,-4.311,21.854
218.41882,38.391,1.609,114.851,124.872,73.382,-65.366,-18.863,-31.448,-48.136,18.494,9.421,27.606
218.50499,37.902,-6.342,121.396,126.598,63.972,-80.424,-22.736,-30.11,-55.982,24.811,10.018,28.839
218.59356,38.269,-1.1,116.912,112.014,71.496,-85.333,-29.248,-20.682,-48.497,30.223,11.35,26.205
218.67397,41.662,-11.114,36.434,30.14,65.22,-53.775,9.418,3.399,-16.114,21.742,-7.593,3.341
218.85438,44.255,58.131,60.264,-51.807,99.581,14.654,-33.614,7.881,-3.564,9.934,1.244,-11.964
219.18454,44.089,86.729,0.217,-49.256,81.669,-17.239,-39.358,45.236,18.35,4.441,14.829,4.253
219.33546,47.093,56.278,45.621,4.23,77.071,-21.576,-17.337,6.23,-3.616,8.09,-18.759,13.381
219.5444,43.026,146.503,44.884,37.471,39.357,-33.348,-34.067,-31.567,-10.708,7.483,-14.669,4.95
219.63179,38.914,77.859,34.913,118.285,112.357,-22.854,-38.363,31.039,-6.656,-18.365,-20.776,14.857
220.04961,49.011,73.517,1.448,3.397,43.862,-35.168,9.504,37.124,-1.614,-0.417,-9.725,-1.244
220.18862,46.233,181.367,55.822,14.551,17.567,-7.644,-44.972,1.183,-1.626,-14.058,-21.485,-33.728
220.39224,48.092,88.834,11.484,43.347,37.364,-44.312,-25.22,35.822,-4.077,-19.426,-2.104,-5.272
220.82181,40.515,133.803,8.665,-8.97,20.805,-55.693,-37.582,13.642,-7.141,-20.86,1.651,-18.411
220.89723,43.071,73.199,-17.981,13.786,4.437,-50.592,-2.876,15.951,-19.338,19.493,9.099,-18.083
221.0771,45.65,99.515,-10.345,51.412,44.865,-36.731,-56.126,25.178,0.12,-30.297,-18.739,-7.406
221.25134,41.022,69.992,42.023,-16.186,69.224,-19.728,-21.434,-24.51,-29.386,54.675,-10.27,3.619
221.41433,43.997,28.829,-13.669,61.255,21.231,-68.937,-3.463,41.68,-5.77,11.403,-9.636,-0.999
221.59379,40.187,102.903,36.963,74.059,66.792,-35.461,16.517,24.054,-9.894,31.809,-0.374,-4.821
221.75039,43.388,101.731,-0.769,69.48,59.777,25.545,-31.174,56.462,-10.169,0.467,13.964,-0.085
222.02354,37.593,96.242,1.182,4.753,10.947,-61.422,-31.606,8.654,-6.454,-25.467,7.479,-0.521
222.11048,41.533,98.29,68.53,33.571,64.795,0.611,-10.996,-1.249,-47.639,43.336,-30.208,27.999
222.27937,40.547,43.702,-55.871,57.281,-2.879,-83.551,-13.481,25.195,-11.71,9.369,-18.285,2.422
222.44698,45.993,78.721,-20.172,68.893,54.12,-13.257,-28.533,38.898,1.474,-9.01,-30.843,24.618
222.62036,43.587,75.085,-0.848,-10.805,18.455,-49.585,8.709,5.551,-15.278,4.883,5.503,-7.711
222.78934,43.124,19.615,-1.45,61.075,54.076,-64.532,4.904,33.638,10.046,6.008,-10.397,-7.27
223.13855,44.204,88.997,-23.584,72.011,67.024,-49.105,-41.225,20.853,22.616,-19.947,-15.62,-14.008
223.39973,38.894,81.115,37.326,-6.508,85.11,-51.955,-12.23,11.076,27.277,-15.112,-6.838,-19.513
223.5673,39.029,61.317,14.581,-11.278,66.32,-71.234,-16.357,-4.933,28.036,0.801,11.987,-14.079
223.65524,40.582,17.525,-47.115,42.493,26.105,-95.955,1.163,1.617,3.66,20.041,-26.312,-8.721
223.82381,44.973,84.025,-22.037,60.705,69.341,-30.777,-45.191,22.304,20.22,-17.11,-31.137,-1.772
223.99737,39.672,30.684,10.522,-8.954,87.004,-34.884,-6.273,-38.692,-10.386,58.156,-7.366,-5.69
224.13066,43.634,31.647,18.764,46.59,57.335,-21.446,-3.861,38.286,10.31,-3.744,-20.097,-3.83
224.50789,45.699,85.563,-11.927,56.658,50.042,-25.865,-42.42,17.573,8.78,-20.181,-15.022,-0.937
224.68268,41.773,44.147,10.814,-15.273,76.906,-57.082,-23.08,-15.993,-6.547,52.296,20.898,1.094
224.82735,45.415,68.929,56.223,9.897,58.954,-22.373,14.178,15.771,15.237,-12.595,-11.522,4.609
225.03029,43.793,72.524,-52.739,83.981,2.914,-35.829,-10.876,-3.03,6.562,-2.632,-41.382,-4.414
225.19959,46.054,84.926,-16.508,53.25,42.681,-41.611,-39.939,22.237,12.748,-20.993,-27.048,1.969
225.36712,44.409,56.573,14.189,-11.652,41.496,-40.091,16.764,-0.253,-9.081,9.244,-0.488,-10.291
225.54118,45.551,50.004,-5.144,62.084,45.001,-47.204,-13.988,32.59,5.608,5.115,0.218,-7.981
225.88327,46.68,77.207,2.666,50.0,44.947,-45.992,-24.015,21.604,10.585,-11.348,10.593,-2.414
226.3073,41.585,89.597,44.698,-0.023,17.275,-31.583,-29.069,6.294,-7.017,-5.355,8.681,5.08
226.40077,44.32,50.208,4.005,12.349,-15.39,-59.196,-12.531,12.253,-3.737,11.826,-10.695,-17.675
226.55741,45.705,97.708,10.72,25.767,44.473,-1.117,-36.749,13.995,5.209,2.648,19.324,-9.81
226.74875,43.203,65.527,61.556,-15.776,59.024,-32.498,-16.393,-8.4,1.791,49.74,-8.431,20.878
226.89392,45.077,43.326,20.417,39.921,21.178,-34.833,24.024,27.353,-10.934,26.878,10.386,12.841
227.09098,41.878,89.398,87.178,56.057,50.405,-54.52,33.224,9.913,-17.437,16.459,-8.915,-11.066
227.24771,45.599,93.323,27.837,61.767,47.49,-1.26,-24.43,41.781,-12.867,-6.865,17.308,0.715
227.51447,40.426,86.642,31.616,-4.278,15.451,-46.459,-24.684,14.698,12.03,-14.968,11.877,0.75
227.5907,42.378,98.68,84.397,20.084,62.467,1.992,-2.141,-18.762,-22.392,17.336,-23.735,9.94
227.77587,43.299,49.177,-14.794,15.199,0.561,-71.937,11.397,15.089,7.7,14.514,-12.166,25.777
227.92113,45.471,76.048,9.124,13.029,46.357,34.999,12.084,30.581,-8.349,8.103,-22.224,20.014
228.11873,44.54,70.266,3.406,-4.992,11.712,-53.839,9.139,3.148,-18.117,-6.239,-3.917,-8.587
228.28703,44.134,17.786,8.854,48.049,44.936,-68.312,3.574,31.714,0.063,3.419,-9.049,-3.78
228.62943,44.709,89.303,-13.716,59.506,64.835,-43.679,-38.716,23.217,24.967,-11.601,-10.832,-16.106
228.87338,38.825,47.156,27.142,-7.199,73.416,-24.366,-3.882,4.441,27.818,4.284,2.726,-5.914
228.97832,44.043,26.062,31.799,20.764,60.278,-67.618,3.049,5.313,-8.455,13.086,-7.012,8.721
229.15175,41.676,6.382,-30.268,32.069,31.487,-99.029,3.183,-3.688,4.141,15.618,-21.214,-24.466
229.32045,43.725,81.673,-17.885,88.844,73.312,-50.029,-39.46,15.639,24.774,-21.231,-21.105,-13.607
229.6571,44.14,4.491,5.326,35.383,41.235,-40.706,25.664,6.631,-12.704,26.974,9.478,-2.646
229.83755,45.191,78.229,67.662,-52.135,103.297,-7.922,-21.713,0.616,-8.229,29.744,-6.144,-16.095
229.98671,48.305,60.826,17.652,19.184,67.659,-11.051,-53.036,0.828,-3.458,1.71,-14.99,1.605
230.17306,45.22,93.651,-2.323,-41.565,76.861,-26.262,-41.16,22.216,3.991,17.111,13.556,3.351
230.3249,47.505,65.757,46.739,-9.484,75.141,-22.691,-8.256,-4.72,1.148,8.198,-13.07,12.649
230.52231,46.627,81.123,-22.119,20.692,5.409,-30.009,-2.129,-9.392,-3.916,-0.835,-18.1,-4.57
230.63206,41.437,66.378,1.411,97.475,70.721,-23.071,-20.852,40.154,4.311,-23.674,-53.043,12.445
231.03274,44.977,48.045,-10.129,66.264,52.302,-33.757,-8.824,30.528,4.293,9.261,6.019,-6.448
231.37551,46.76,65.499,-16.175,59.468,52.198,-35.201,-30.083,23.766,14.894,-7.731,2.28,4.598
231.72354,41.086,72.018,-21.848,61.496,38.533,-81.453,-31.468,32.137,5.019,-1.124,-14.512,-14.135
232.06694,44.421,90.771,-30.998,65.513,58.284,-30.828,-61.863,22.391,11.986,-23.057,-35.719,-0.666
232.24014,39.374,46.936,27.02,-12.113,82.788,-23.688,-13.852,-38.545,-30.424,59.615,-12.303,3.989
232.40236,42.552,6.184,-35.416,81.775,37.549,-76.255,2.083,45.283,-9.889,10.238,-26.239,9.336
232.58231,38.708,84.085,7.761,101.499,86.872,-47.023,14.342,28.933,-2.05,39.752,-15.041,7.634
232.74014,42.57,92.471,-17.136,80.282,72.819,37.774,-32.26,63.097,1.001,3.63,13.407,7.851
233.01224,37.474,85.336,-6.346,-11.814,31.062,-67.643,-26.687,-5.826,10.762,-30.93,23.869,3.461
233.09932,41.993,77.671,-16.478,98.922,31.414,-43.495,-24.322,61.224,-15.006,1.194,-36.368,6.08
233.44195,45.045,82.868,-26.797,91.293,48.338,-42.018,-30.978,44.383,4.777,-23.84,-22.124,22.174
233.69683,38.538,27.412,32.346,-33.126,77.604,18.658,15.682,24.971,-21.234,42.719,-30.854,5.884
234.12662,44.201,88.685,-23.012,68.829,66.381,-51.125,-42.158,22.104,23.198,-19.121,-14.52,-15.98
234.38703,39.0,45.399,21.663,-13.78,60.628,-69.556,-12.357,-18.277,37.355,-2.92,22.376,-16.41
234.47519,41.237,57.14,-10.686,47.182,45.59,-90.717,-15.936,33.667,8.055,11.739,-22.499,-25.649
234.77043,39.795,81.465,48.278,-54.453,119.332,73.539,-11.406,30.726,22.545,14.258,-56.711,-0.143
234.98594,39.849,29.637,11.625,-12.094,87.501,-38.062,-6.415,-36.553,-8.725,54.169,-4.662,-8.112
235.11982,43.686,31.965,16.897,47.003,57.781,-24.971,-3.151,37.998,7.913,-2.989,-21.389,-5.402
235.49705,45.534,82.041,-8.365,55.438,49.386,-25.091,-45.249,22.03,9.619,-26.264,-12.237,-1.356
235.67075,41.819,39.628,16.623,-10.019,69.822,-59.786,-25.829,-16.408,-13.456,54.499,25.251,-3.901
235.81624,46.229,53.601,38.683,7.464,44.605,-10.888,22.415,19.663,16.925,-0.996,-17.948,-3.507
236.01923,40.267,139.539,10.603,92.23,50.058,-15.719,-23.581,-25.023,3.92,2.898,-28.819,-2.509
236.18717,45.372,84.715,-15.453,66.258,47.0,-51.787,-39.755,20.924,9.45,-18.708,-14.082,-0.083
236.43107,39.992,4.805,82.975,10.998,79.183,-35.857,-9.1,3.211,-4.888,-11.424,-9.984,9.532
236.53088,43.153,25.561,-6.288,64.616,34.278,-41.912,18.681,29.419,-17.524,6.428,-23.745,20.226
236.70417,41.297,60.673,-19.95,8.016,4.867,-76.47,12.131,-1.709,-22.164,7.538,-11.054,-13.281
236.82045,45.069,66.912,28.451,-24.798,32.351,5.779,-18.615,34.596,9.187,-12.852,-30.094,7.02
237.04054,45.434,138.325,0.264,-14.698,38.109,-44.556,17.032,15.324,17.979,18.713,8.077,34.048
237.22068,47.176,91.061,8.444,9.015,36.425,-45.338,8.226,38.932,-1.464,0.735,-7.396,21.628
237.51107,47.196,119.89,12.591,-13.54,51.977,-12.429,-13.36,13.72,0.832,-1.595,-34.448,14.723
237.73166,44.589,131.616,12.517,-10.268,5.955,-58.765,16.694,41.798,-11.947,-2.178,5.222,-9.8
237.90005,47.544,128.987,9.861,31.725,19.064,-20.094,4.991,27.811,13.889,13.244,-11.353,23.891
238.07406,45.454,145.729,-5.647,-15.557,1.193,-53.627,0.002,22.658,26.282,-7.789,6.144,1.061
238.19025,47.658,149.456,5.595,0.144,40.972,-14.323,-27.763,1.666,9.364,14.676,-34.33,19.678
238.41655,45.571,169.526,-11.584,-27.83,21.73,-40.902,-8.312,34.28,20.529,2.54,-1.88,11.497
238.59093,47.107,100.929,14.262,22.377,25.886,-41.22,13.854,18.4,-13.429,16.553,-7.354,14.326
238.76522,45.411,159.169,-16.13,-29.306,14.116,-56.121,-1.936,38.887,18.998,-6.832,1.333,2.886
238.88118,47.14,147.666,-3.017,-14.901,50.515,-28.504,-22.621,11.315,0.58,23.152,-30.919,26.09
239.10735,44.813,187.215,-31.259,6.444,17.356,-58.376,6.984,24.05,20.321,1.259,-4.137,25.578
239.27569,47.596,77.908,31.512,-6.872,11.205,-37.327,21.401,8.865,-3.696,12.175,-1.938,-1.259
239.45025,47.182,147.564,-7.447,-9.754,17.831,-36.883,-2.219,22.453,6.742,5.525,-10.273,1.316
239.6239,49.074,105.72,-11.431,1.755,25.699,-54.829,-25.246,30.671,11.717,-10.656,-5.497,-0.803
239.7981,47.154,88.215,-10.339,-12.959,33.73,-57.465,-0.338,-18.728,0.322,23.545,-9.123,0.175
239.97206,47.826,107.818,32.287,-23.054,-4.341,-54.027,13.081,28.38,-3.571,-10.592,6.184,-16.444
240.05909,47.197,91.743,22.883,17.066,8.448,-76.515,16.512,30.112,5.294,-6.378,-8.374,-9.312
240.14127,47.038,147.509,-8.191,-5.987,14.825,-36.047,0.313,11.23,6.708,6.554,-9.698,0.261
240.30916,48.873,78.491,-5.817,9.466,26.998,-54.24,-23.592,4.499,10.574,-17.692,-8.493,-11.67
240.65147,45.941,71.905,18.445,-1.122,13.383,-56.134,11.667,27.623,-7.821,18.236,-10.87,-14.359
240.82576,49.176,72.829,25.867,-32.667,60.502,-27.109,7.203,7.224,0.313,13.11,-11.391,-4.636
240.9888,50.049,55.579,6.358,3.867,38.23,-35.032,-33.793,4.711,2.062,0.524,-23.026,-5.622
241.16812,47.635,98.077,-8.421,-8.194,49.994,-43.878,-3.284,34.906,2.586,3.368,-1.417,5.404
241.34231,47.978,63.268,13.759,-14.001,32.586,-33.982,-18.494,11.494,-8.836,21.517,-18.304,-3.866
241.51664,47.118,106.112,10.98,-11.611,45.16,-55.638,23.45,18.181,5.812,12.943,-12.372,6.147
241.60331,43.126,76.131,-23.023,109.124,66.09,-16.646,-29.18,34.27,1.08,-11.253,-59.241,11.911
242.02163,45.554,69.184,-35.85,16.05,48.521,-38.366,-4.067,49.089,11.078,1.81,-18.159,-1.326
242.36998,46.323,85.019,-25.102,21.959,45.488,-51.558,-15.673,16.866,13.089,-11.919,-13.393,1.627
242.59633,42.036,98.225,-1.153,-24.449,62.938,-30.46,30.996,11.482,-10.76,28.057,-14.454,8.203
242.78204,42.836,45.036,14.444,-20.089,62.946,-13.179,37.734,1.602,-13.993,5.389,-15.706,2.699
243.05578,45.742,84.528,-19.61,41.882,47.279,-42.28,-15.715,17.554,10.412,-12.475,-17.924,5.738
243.30345,41.217,52.413,2.446,13.962,53.502,-45.505,20.561,29.339,4.664,-4.018,-3.083,14.616
243.39655,42.706,31.825,-37.502,34.03,38.441,-67.245,-13.374,39.148,-8.121,30.367,-35.478,0.348
243.73991,45.828,50.819,-63.052,32.067,47.505,-38.53,-67.38,3.879,6.861,-10.449,-11.323,3.878
244.00186,40.049,-3.24,-50.627,-21.2,47.682,-39.145,-52.772,-19.986,7.605,0.305,-6.075,10.942
244.08839,41.71,22.983,-23.02,-2.783,61.868,-76.332,-9.109,-31.237,-11.388,27.803,4.396,-10.429
244.17438,41.681,21.175,-24.311,44.543,44.092,-33.834,14.832,39.58,12.982,9.141,-57.228,10.465
244.43075,46.569,43.845,-51.59,28.815,55.321,-32.968,-64.832,-6.7,9.763,-14.741,-37.858,3.489
244.60018,44.98,19.127,-39.222,-8.176,44.145,-43.636,-46.538,3.965,-7.479,-3.954,-18.413,-14.177
244.7732,42.509,17.262,-40.226,39.743,42.601,-68.276,-20.644,42.764,-4.874,18.189,-40.521,1.811
245.11578,45.254,70.758,-23.174,45.198,40.555,-40.658,-15.099,12.384,14.037,-17.241,-19.717,2.275
245.37705,41.14,58.166,24.132,-4.476,52.695,-42.372,23.51,29.29,4.332,-10.105,-7.331,9.511
245.53973,42.305,20.852,22.762,-7.762,52.312,-23.922,32.083,-3.03,-9.13,0.347,-9.423,1.391
245.80186,45.341,79.603,-22.027,50.125,49.436,-42.07,-18.062,12.673,7.873,-7.472,-17.046,7.016
246.05787,39.391,39.105,-0.481,33.337,38.991,-56.321,6.279,11.175,16.614,-7.023,-8.978,16.195
246.142,42.237,25.766,-38.973,43.03,36.247,-61.851,-7.526,41.029,-3.819,24.134,-31.602,-1.444
246.48567,44.988,61.096,-60.904,40.562,46.645,-30.657,-53.158,5.846,8.109,-0.709,-14.083,5.181
246.74703,39.008,14.315,-60.549,-3.757,38.982,-49.638,-64.953,-3.941,19.543,-25.543,0.893,9.056
246.83152,41.489,19.491,-23.46,-2.729,59.915,-64.87,-15.191,-37.276,-14.542,30.555,-5.076,-12.898
246.9215,41.995,19.085,-13.707,49.846,40.739,-34.815,24.369,37.548,12.772,2.708,-54.446,13.792
247.17673,46.145,52.682,-58.425,30.429,51.557,-32.067,-57.933,-10.368,6.268,-17.87,-36.764,6.241
247.35034,44.513,41.735,-38.663,-12.556,24.378,-49.087,-37.131,2.778,-12.752,-7.916,-30.107,-2.046
247.51837,42.948,26.035,-30.351,30.886,21.86,-67.26,-20.692,39.886,-2.51,14.714,-25.313,-2.774
247.86154,45.912,76.421,-15.178,32.83,41.126,-39.548,-17.964,10.989,12.187,-9.505,-7.684,-2.452
248.09401,41.768,68.114,49.44,-34.34,25.784,-18.463,18.406,31.154,-1.266,15.337,-0.575,1.979
248.28522,43.706,60.381,72.729,-1.087,36.355,-32.895,-2.971,3.428,3.254,11.394,3.348,-5.948
248.38385,45.061,45.897,23.96,-1.982,-5.199,-59.589,12.629,3.705,-0.228,15.281,-12.089,-2.729
248.55206,46.737,87.588,1.939,26.611,32.041,-48.906,-21.985,4.967,10.033,-14.261,-6.627,-3.263
248.77234,43.365,71.685,57.15,-6.78,37.279,-23.129,17.739,19.096,21.916,11.706,-7.347,32.389
248.89415,44.597,28.765,13.437,9.273,13.556,-67.528,13.652,22.929,-15.091,19.694,-17.494,2.635
249.2317,46.189,62.083,-15.464,17.567,24.658,-22.449,-33.71,-8.435,-9.175,-2.564,6.424,-7.606
249.67197,44.083,13.047,47.63,5.223,47.544,-54.899,22.526,-4.975,30.504,16.026,-1.684,-7.942
249.75365,43.646,37.925,-18.89,13.157,5.327,-74.718,5.058,20.895,12.161,6.958,-13.856,24.566
249.89864,46.085,54.603,-2.417,-16.205,48.409,33.419,-11.244,-7.244,-14.584,10.11,-15.377,11.124
250.09542,44.304,19.19,-19.316,15.776,31.425,-46.032,-17.037,12.199,-21.023,9.334,-29.271,-10.358
250.61279,45.582,70.407,-22.847,45.495,41.816,-48.203,-14.674,8.69,17.436,-13.094,-20.798,3.142
250.86703,41.126,56.12,26.745,-5.226,51.364,-37.441,24.608,26.573,0.829,-10.354,-6.833,10.123
251.04249,42.069,29.702,41.545,0.034,57.76,-53.369,24.091,3.432,-5.226,0.89,3.392,-1.264
251.13016,42.939,8.62,-3.562,9.416,17.731,-85.25,28.48,-11.315,-19.768,16.652,-18.288,-2.01
251.29805,45.372,76.746,-23.478,48.787,45.241,-49.813,-18.058,10.025,10.096,-15.939,-18.34,4.756
251.5532,39.879,42.411,6.449,20.975,35.989,-64.51,6.531,7.471,13.917,-10.121,3.988,17.79
251.64286,42.312,17.842,-31.421,33.502,36.532,-69.56,-6.642,37.89,-5.886,24.834,-32.731,-3.033
251.98286,45.225,53.571,-62.722,39.398,47.863,-35.593,-58.653,4.655,6.511,-8.449,-19.013,2.913
252.24458,40.469,15.137,-42.789,-40.377,41.867,-61.433,-52.874,-24.892,6.398,-26.717,14.188,3.452
252.33211,46.66,42.93,12.44,-8.97,42.094,-31.706,-10.3,-11.441,-15.893,-2.726,-16.932,31.986
252.49927,45.485,34.135,-60.815,62.348,24.133,-27.009,-42.305,-26.329,-3.846,-7.135,-27.038,10.608
252.66912,45.62,35.007,-35.115,66.308,35.087,-32.025,-45.083,-17.493,6.441,-25.459,-30.298,7.45
252.91048,39.254,-22.063,106.093,2.225,65.259,-37.898,-14.087,9.176,1.336,-9.85,-6.848,15.304
253.01669,47.613,59.31,-15.338,31.416,53.995,-42.813,-1.769,49.004,10.203,1.171,-23.342,-2.823
253.35868,46.371,80.752,-17.556,24.262,47.93,-50.526,-18.464,17.818,9.627,-8.956,-13.754,-1.97
253.59052,42.101,98.102,6.564,-13.504,64.822,-36.162,24.78,11.485,-9.778,21.099,-12.035,9.68
253.77084,42.747,45.876,16.981,-21.955,65.403,-14.921,32.987,3.377,-14.17,8.296,-16.357,0.659
254.04381,45.565,83.381,-20.33,45.434,44.76,-46.898,-19.885,18.951,12.423,-13.013,-17.56,3.767
254.29324,40.738,62.899,3.228,12.986,50.464,-43.057,12.165,36.565,9.246,-9.176,-0.306,19.072
254.38472,42.63,31.866,-38.182,33.038,35.019,-64.29,-11.737,33.785,-3.98,25.3,-30.535,-0.891
254.72857,45.268,46.7,-51.973,31.351,41.784,-34.088,-55.728,-0.283,10.154,-8.747,1.569,0.549
255.0766,41.281,25.403,-26.501,-0.569,58.703,-77.513,-14.336,-28.697,-8.15,21.654,-14.311,-13.077
255.15805,42.194,14.106,-19.414,36.643,42.681,-22.014,20.112,36.429,4.008,7.253,-48.559,17.543
255.41406,46.472,46.904,-49.62,26.739,60.3,-21.997,-55.429,-9.139,6.25,-3.677,-31.807,6.802
255.58671,45.098,19.621,-37.895,-12.105,48.705,-42.955,-43.373,-6.737,-9.581,-2.825,-21.844,-9.395
255.76186,42.175,22.506,-40.183,36.037,39.455,-72.317,-21.135,33.024,-3.085,15.747,-42.948,0.85
256.10449,45.323,71.883,-27.623,47.633,44.735,-41.833,-12.496,13.127,10.436,-7.57,-21.364,4.782
256.3659,41.116,53.775,17.406,-5.895,45.819,-40.684,26.379,28.894,6.126,-11.618,-7.846,6.738
256.52912,42.479,20.873,20.43,-5.07,47.355,-27.39,32.336,-4.238,-8.927,3.864,-12.292,2.172
256.78907,45.246,74.106,-23.888,48.62,44.393,-42.673,-16.043,9.818,8.747,-10.389,-18.269,5.866
257.05129,40.031,45.685,-3.288,5.353,39.841,-73.576,10.46,8.795,21.268,-16.183,17.067,12.147
257.13701,42.139,19.744,-36.727,36.411,39.336,-72.432,-7.464,41.189,-6.09,25.037,-43.094,-1.862
257.47959,45.425,52.798,-63.597,36.654,45.111,-40.69,-59.819,1.023,8.363,-15.783,-19.859,2.748
257.73646,39.912,2.225,-49.819,-26.438,46.402,-50.087,-56.271,-27.697,16.842,-19.559,-3.41,11.83
257.82132,42.008,5.14,-11.411,-2.097,66.627,-75.132,-2.351,-36.939,-8.799,29.498,-8.144,-16.208
257.91211,41.763,10.926,-19.247,48.944,47.295,-33.421,21.135,40.663,17.508,5.391,-54.069,13.293
258.16517,46.095,49.257,-59.617,33.672,52.918,-31.767,-56.948,-7.061,8.078,-18.457,-35.888,7.2
258.34032,44.448,36.747,-37.214,-13.393,29.678,-48.398,-40.722,5.844,-15.073,-4.15,-24.15,-4.894
258.50907,42.8,12.746,-35.514,37.897,35.878,-66.992,-16.317,35.3,-7.753,21.335,-35.102,5.066
258.85098,45.297,70.26,-24.035,46.637,46.096,-33.412,-13.448,13.884,12.321,-7.65,-13.518,1.526
259.1122,41.24,58.869,22.774,-6.232,52.725,-40.243,24.996,29.469,4.96,-14.54,-3.945,7.969
259.26766,41.986,21.876,24.532,-13.64,52.9,-17.329,33.398,-1.798,-10.04,7.426,-9.805,1.467
259.53311,45.303,78.494,-21.33,48.182,45.802,-38.818,-18.941,15.133,8.735,-6.385,-13.962,6.374
259.79075,40.02,42.096,10.501,22.065,39.213,-50.04,12.098,16.293,13.03,-7.567,4.94,20.402
259.88463,42.534,18.815,-38.882,38.457,36.781,-62.989,-13.46,41.329,-3.216,25.026,-37.974,5.88
260.22535,45.583,52.798,-57.278,36.373,43.817,-26.303,-55.24,-2.975,9.831,-19.156,-41.073,7.046
260.40136,39.307,19.214,-76.448,-30.176,61.275,-77.032,-64.763,-28.771,6.754,29.303,3.769,4.426
260.48744,40.123,6.853,-48.039,-31.183,46.445,-53.895,-58.681,-13.216,13.45,6.457,14.878,8.397
260.57447,41.836,7.814,-4.224,-10.753,65.822,-75.251,-0.469,-39.953,-3.083,38.867,-13.457,-11.283
260.65583,41.975,15.269,-15.768,51.591,42.589,-29.104,24.967,37.782,14.113,0.145,-50.815,11.249
260.91179,46.286,42.076,-54.076,31.384,58.674,-25.188,-66.079,-4.407,10.081,-10.27,-41.065,5.298
261.08608,45.09,18.78,-34.651,-12.112,42.312,-48.221,-48.629,6.258,-9.221,-1.231,-22.359,-11.09
261.25356,45.682,91.432,15.788,-31.929,18.536,-25.842,-58.138,-25.656,-0.993,-3.91,10.697,-45.632
261.33478,46.593,82.698,50.334,27.114,16.861,-30.78,12.305,28.341,-8.05,6.145,-25.291,-7.826
261.60209,47.81,68.987,15.805,22.61,36.836,-48.036,11.398,10.445,4.393,-12.181,-8.421,15.212
261.83392,44.074,59.724,38.809,-6.93,53.907,-36.928,41.111,24.648,1.76,14.989,-8.737,-12.718
262.00816,43.92,44.054,33.768,-17.134,55.192,-37.224,36.748,7.661,-0.362,10.956,-8.061,-15.111
262.11841,44.975,13.883,5.102,-0.674,23.808,-74.014,21.818,-5.269,-1.787,18.275,-19.388,-7.011
262.28676,46.616,71.877,-9.559,27.201,43.21,-43.366,-13.957,8.81,9.431,-9.93,-14.024,4.525
262.53615,42.034,29.015,19.656,9.503,37.348,-48.6,11.104,18.896,12.009,0.178,2.693,7.23
262.63524,43.792,15.216,-5.761,-7.919,20.472,-65.594,24.799,-10.576,-14.52,19.249,-26.488,5.94
262.80345,47.528,41.091,26.33,-48.609,50.382,-32.451,7.303,9.774,-9.345,30.166,-14.867,-14.268
262.96626,49.292,39.267,-7.475,10.928,48.999,-28.185,-28.388,-7.261,4.844,1.361,-35.42,3.768
263.14594,46.732,80.259,-14.918,-24.761,44.86,-44.401,-5.465,33.491,7.388,3.98,-19.104,7.158
263.31401,48.553,40.897,9.519,-22.542,39.5,-30.228,7.511,-6.485,-1.327,16.109,-17.862,14.534
263.48898,47.432,71.165,1.136,8.124,20.095,-24.27,10.503,-15.024,1.749,4.635,-8.376,-1.954
263.61007,45.307,46.426,5.882,44.201,50.229,-20.863,-12.348,28.078,11.527,-23.039,-48.787,4.348
263.89501,39.22,-15.302,92.034,6.926,70.353,-26.034,-3.804,9.37,-2.019,-2.063,-5.622,12.972
264.00481,44.513,73.013,30.177,11.478,-13.689,24.53,9.523,38.094,7.212,-15.56,-22.334,-8.168
264.29088,40.667,79.896,37.969,-94.233,12.098,12.434,18.52,34.272,2.425,10.197,-35.778,4.406
264.58558,43.138,99.581,-3.105,-25.584,56.142,-23.447,28.977,31.377,-2.612,14.807,-8.845,5.542
264.75397,43.143,54.674,20.884,-25.238,57.302,-33.876,36.496,7.802,-11.745,21.935,-15.98,1.646
264.86426,44.819,48.49,-17.159,-10.401,33.859,-66.222,27.64,5.975,-9.352,-5.133,-13.849,0.227
265.03215,45.951,85.812,-20.925,34.725,42.021,-43.059,-16.27,23.056,12.516,-7.141,-17.61,6.988
265.27601,41.299,41.779,0.848,-2.815,54.439,-39.84,29.472,24.443,7.553,3.175,-0.699,7.636
265.38091,42.899,37.066,-39.495,28.512,43.329,-66.348,-12.72,39.296,-1.173,14.489,-41.164,3.902
265.71741,45.324,59.704,-58.731,33.64,44.992,-35.552,-57.345,7.064,6.358,-10.536,-12.431,1.531
265.96045,40.012,24.706,-63.461,-23.33,54.587,-22.935,-62.751,11.506,5.345,-6.025,3.314,3.147
266.06662,41.8,4.406,-20.576,-6.464,76.046,-68.851,-18.024,-39.465,-10.766,33.216,-10.859,-12.205
266.14689,42.055,23.56,-16.317,51.21,41.57,-29.849,23.471,42.589,12.515,0.015,-57.209,7.932
266.40821,46.471,44.121,-49.345,26.282,54.275,-34.92,-58.411,-12.955,10.759,-17.795,-35.143,2.732
266.58331,45.122,26.192,-29.657,-18.283,39.136,-46.736,-43.58,-2.26,-7.658,-4.038,-26.962,-8.615
266.75043,42.432,19.993,-35.467,38.156,37.465,-66.818,-13.693,34.059,-6.457,15.855,-35.108,-0.176
267.09333,45.359,69.795,-25.39,44.735,42.974,-41.447,-12.474,11.65,11.144,-11.865,-19.519,2.007
267.34893,40.988,50.776,18.208,-6.535,45.194,-37.933,26.724,28.84,5.343,-10.883,-6.375,7.989
267.52299,42.555,18.506,20.687,-1.877,46.845,-37.219,31.3,-3.024,-9.649,0.069,-18.25,4.75
267.78408,45.384,74.479,-23.253,45.192,39.711,-53.501,-17.102,12.95,10.095,-13.896,-21.183,4.914
268.03238,40.813,26.64,6.528,17.831,42.889,-53.353,13.366,13.253,12.901,-7.13,0.894,16.302
268.12707,42.436,17.658,-34.228,34.054,36.235,-69.762,-9.972,34.137,-5.058,27.466,-38.373,0.554
268.46943,45.57,51.641,-55.58,31.865,41.895,-48.034,-54.646,-10.088,8.779,-15.268,-8.425,1.205
268.81265,41.564,12.423,-22.466,-4.521,61.033,-76.227,-16.027,-34.84,-3.175,20.933,-5.492,-11.588
268.89837,41.87,14.759,-16.729,43.063,43.136,-28.938,22.593,37.542,7.806,6.472,-55.882,17.932
269.15546,45.803,53.646,-55.568,32.317,46.572,-26.788,-58.577,-0.661,7.562,-15.544,-43.712,7.962
269.32948,44.446,31.165,-36.606,-15.122,30.544,-49.698,-41.222,7.148,-14.407,-4.681,-25.699,0.963
269.49796,42.788,32.022,-23.565,34.363,25.242,-61.743,-5.844,35.07,-3.38,22.671,-19.541,-1.688
269.83868,45.879,73.132,-15.538,34.07,39.166,-40.229,-16.749,10.464,12.454,-6.873,-7.867,-1.279
270.07125,41.892,64.413,50.129,-29.796,22.269,-20.49,18.575,28.974,-4.313,16.749,-1.753,0.482
270.26295,43.695,54.198,65.53,-5.557,33.066,-31.032,3.507,3.028,6.13,9.486,0.136,-3.815
270.36195,44.967,39.974,21.394,-2.81,-7.797,-57.852,14.676,1.835,-1.455,14.71,-10.565,-2.61
270.5298,46.523,81.589,2.191,26.696,29.662,-48.749,-21.286,6.908,12.071,-13.491,-6.392,-1.139
270.78558,43.188,76.288,39.52,9.977,28.331,-53.42,6.019,20.716,17.123,-0.143,4.387,30.532
270.87107,44.7,32.262,16.133,12.772,13.384,-64.326,8.788,21.867,-10.801,26.068,-17.94,0.069
271.20907,46.614,53.207,-14.245,16.191,24.378,-20.329,-38.19,-8.742,-12.233,-1.567,2.358,-1.462
271.54005,43.511,39.461,-6.053,-12.851,32.414,-28.339,-29.83,-22.442,-8.878,-2.257,0.892,-22.089
271.62671,44.239,20.793,22.061,0.914,38.178,-27.294,22.285,26.254,24.849,15.55,-26.027,3.356
271.87673,46.062,52.739,-0.123,-19.393,48.241,33.859,-13.805,-0.029,-16.552,17.811,-18.163,13.352
272.06717,45.714,15.585,-21.776,-10.396,34.747,-27.479,-43.233,8.746,-15.058,-7.157,4.191,-19.746
272.24127,43.542,13.099,-20.222,28.48,30.011,-58.967,-17.019,29.856,-9.652,12.988,-13.449,-3.716
272.59079,45.592,67.05,-23.456,41.723,39.92,-49.345,-12.578,10.059,14.77,-12.0,-20.916,2.739
272.8463,41.526,53.373,22.076,-8.43,43.78,-39.668,25.608,29.432,3.694,-7.675,-6.919,9.195
273.00263,41.759,26.727,34.99,-8.201,58.855,-20.644,31.929,3.795,-1.532,2.299,4.564,0.115
273.10712,42.802,9.904,-3.027,10.867,20.157,-77.392,28.238,-14.451,-17.013,16.536,-15.413,-1.628
273.27578,45.386,73.004,-21.875,46.256,40.361,-43.956,-17.853,13.931,11.046,-10.704,-17.558,5.637
273.53329,40.809,47.083,8.204,6.466,39.509,-65.647,18.65,11.97,15.657,-15.04,14.771,6.917
273.62141,42.42,13.502,-38.773,33.06,35.947,-70.474,-14.461,41.812,-6.294,21.33,-36.822,3.851
273.96082,45.744,45.028,-54.321,30.464,42.881,-25.597,-56.865,-3.508,11.251,-25.211,-34.232,8.192
274.13379,40.94,27.957,-50.417,-44.067,47.914,-59.944,-60.584,-30.313,-8.398,35.676,1.665,0.071
274.30907,46.718,37.454,14.326,-10.581,44.628,-31.584,-13.715,-9.845,-16.249,1.567,-15.074,28.508
274.47605,45.092,39.009,-59.116,62.691,16.741,-19.603,-36.754,-21.743,-1.168,-6.656,-41.196,8.588
274.65188,45.708,34.366,-33.862,64.99,33.732,-37.244,-47.315,-16.945,6.448,-28.66,-38.373,6.903
274.8893,39.228,-21.942,101.015,2.98,61.726,-32.759,-9.135,11.91,1.692,-7.523,-6.533,11.441
274.99397,47.578,57.498,-13.834,33.532,53.986,-36.496,-4.444,44.217,10.238,3.115,-16.959,-3.091
275.33651,46.274,78.381,-18.738,27.391,47.353,-54.526,-19.975,18.533,12.555,-9.448,-16.451,1.087
275.56943,41.853,97.061,8.226,-11.267,66.038,-36.149,23.181,12.201,-6.559,22.879,-14.452,8.893
275.75973,43.124,48.119,19.517,-6.023,62.073,-25.416,27.063,-0.401,-11.414,0.423,-16.142,2.942
276.02712,45.56,81.285,-20.257,42.183,43.131,-50.465,-20.271,16.062,11.151,-15.986,-16.945,6.121
276.27125,40.723,56.073,3.899,-1.33,54.329,-44.399,9.37,25.818,11.016,-6.941,12.126,15.453
276.36961,42.513,23.408,-33.817,26.395,35.05,-68.632,-6.935,37.326,-7.541,23.251,-42.279,2.391
276.70626,45.341,55.22,-59.804,35.988,45.735,-36.664,-60.388,9.061,10.177,-10.673,-11.95,2.216
276.96776,39.695,1.06,-48.79,-26.015,44.454,-55.35,-56.014,-29.037,13.194,-20.034,-0.856,9.263
277.05447,41.64,16.669,-29.439,-1.767,57.15,-78.546,-23.769,-22.121,-14.106,15.354,-2.728,-7.462
277.13029,42.207,6.743,-13.793,40.406,53.847,-18.706,20.897,45.171,19.704,2.081,-48.248,7.112
277.3971,46.255,43.707,-51.178,27.925,55.59,-27.365,-58.152,-10.253,9.094,-11.185,-38.374,3.964
277.57401,44.99,21.775,-35.435,-13.228,37.521,-48.287,-42.413,4.751,-9.022,-0.955,-20.889,-12.527
277.74163,42.714,15.946,-32.61,38.632,37.824,-63.807,-14.647,37.357,-6.001,25.251,-39.303,-2.117
278.08218,45.313,70.031,-23.116,44.544,42.691,-42.014,-14.652,13.709,13.883,-14.573,-18.81,2.275
278.34322,41.167,58.427,23.573,-5.46,53.22,-40.203,24.875,29.411,6.11,-14.075,-5.214,8.462
278.49977,41.884,21.026,24.499,-11.636,54.556,-16.087,33.261,-2.951,-9.767,8.586,-10.631,2.368
278.77293,45.264,75.51,-20.87,46.928,42.106,-50.024,-20.343,12.924,11.349,-16.632,-21.282,5.93
279.02118,40.034,40.082,12.904,17.615,39.649,-55.647,12.031,13.592,10.199,-7.679,10.196,18.8
279.11528,42.424,18.162,-33.902,35.289,36.625,-66.03,-6.699,39.721,-3.341,26.328,-42.842,2.973
279.45211,45.252,49.26,-62.487,35.642,44.413,-31.422,-64.21,6.501,10.457,-9.033,-11.964,5.423
279.71424,40.112,8.255,-53.081,-21.956,44.37,-47.393,-62.086,-3.683,15.194,-3.372,10.587,6.033
279.80653,42.189,6.452,-2.901,-11.044,69.958,-68.473,-2.808,-33.453,-6.857,49.669,-14.674,-8.588
279.89488,42.337,9.502,-9.331,57.552,40.764,-26.6,24.898,47.927,7.888,2.622,-54.455,14.614
280.14313,45.841,48.183,-58.566,34.748,47.801,-25.522,-62.846,4.078,8.994,-12.664,-41.916,11.201
280.31628,44.455,27.042,-37.3,-8.375,28.185,-44.796,-43.204,5.051,-12.723,-3.392,-19.259,-2.892
280.49129,43.466,0.204,-6.674,4.373,32.874,-72.463,2.428,18.963,-14.839,21.49,-23.942,-5.317
280.82757,46.089,63.868,-11.361,34.325,42.983,-37.895,-17.308,11.436,6.959,-11.043,-10.238,4.203
281.07633,42.342,31.55,25.854,-15.453,43.13,-22.335,-1.484,16.711,-5.914,-16.323,3.353,16.711
281.26331,43.48,8.682,29.76,-7.406,47.071,-37.174,10.495,-6.761,-10.609,-0.754,-7.667,14.611
281.5181,46.103,70.169,-4.07,33.572,38.212,-41.002,-23.917,3.844,0.722,-16.273,-9.025,1.956
281.78,42.075,13.666,35.898,3.918,43.876,-57.17,-14.492,-20.464,-5.67,-0.918,6.431,2.713
281.86141,44.898,6.722,4.969,4.14,32.371,-62.928,-17.111,11.652,-2.483,21.322,-15.624,-17.384
282.20381,46.892,46.831,-21.256,15.68,33.356,-37.305,-44.673,-11.898,-0.294,-7.73,-5.511,-3.751
282.54757,44.347,25.318,18.354,-6.229,48.211,-56.929,-10.004,-26.081,3.675,12.969,-3.65,-32.557
282.6273,45.084,14.54,65.238,4.311,51.85,-40.152,49.745,4.316,29.443,8.79,-6.281,-16.257
282.7093,44.833,21.483,12.466,30.633,23.226,-47.599,20.27,21.024,8.517,13.096,-4.17,-24.736
282.88902,48.538,53.305,-3.238,-7.22,42.641,-26.117,-39.223,-3.344,0.606,-2.258,-6.013,-1.45
283.02757,47.261,-1.112,20.608,-22.69,52.963,-28.328,-9.914,10.05,3.064,-2.542,-6.06,1.206
283.2298,47.77,70.133,37.031,14.427,21.605,-40.3,5.84,14.074,-7.759,-15.538,-0.264,-8.708
283.57959,48.537,66.694,40.378,16.479,27.22,-43.738,19.674,11.111,-3.211,-19.255,-4.139,17.354
283.8058,46.061,76.515,75.594,-2.064,38.351,-30.666,48.398,30.868,-5.781,17.02,-7.307,2.32
283.95714,46.583,82.994,88.031,-0.78,31.634,-37.144,48.958,-1.048,-27.59,16.777,-18.968,-8.92
284.09592,47.974,55.899,40.854,3.504,7.962,-55.882,25.668,29.905,-22.276,1.738,-7.213,-12.225
284.2702,49.147,88.306,42.205,19.315,8.904,-33.437,-7.921,12.593,-31.707,-20.008,-13.181,-11.145
284.47882,46.247,105.413,55.48,-21.883,23.201,-28.973,7.716,16.023,-20.367,7.649,-9.387,-5.545
284.6068,48.32,70.327,32.263,6.844,-31.546,-28.579,5.696,-7.047,-30.397,9.888,-23.942,-25.926
284.78113,48.964,64.623,34.66,-38.825,28.659,-17.869,-15.235,5.453,-9.165,15.842,-15.141,-22.667
285.13483,47.181,119.044,15.203,-20.944,41.709,-26.245,-23.452,22.888,11.046,-2.596,-10.844,-1.768
285.27451,48.858,86.494,22.3,-24.736,15.276,-7.285,-0.06,-1.677,4.005,42.755,-2.947,3.075
285.64599,44.969,59.341,-9.036,79.376,43.744,-47.789,-30.757,-2.799,16.35,-34.733,-28.523,3.653
285.87247,39.47,-14.168,95.307,3.15,68.656,-28.888,-4.139,10.32,-2.056,-2.098,0.211,12.331
285.98259,47.624,55.34,-12.233,31.422,57.559,-40.237,-5.521,41.74,10.387,1.157,-18.041,0.104
286.32567,45.219,88.797,-44.074,39.883,34.811,-41.284,-44.873,32.724,13.842,-18.159,-32.402,-6.097
286.50209,39.501,151.69,-26.873,-41.421,38.651,-65.903,-18.052,-3.514,20.016,11.286,-11.866,-31.147
286.58617,40.073,102.746,-18.357,-34.078,40.869,-67.027,-10.673,1.052,-1.305,-7.278,-15.053,-9.8
286.7517,40.042,95.623,-33.091,-27.821,48.452,-43.426,-24.811,19.932,14.34,-3.767,6.771,-15.008
286.84195,41.287,43.475,-76.256,33.615,17.194,-81.685,-10.95,24.688,-5.387,11.125,-28.228,-5.859
287.00649,44.226,91.592,-38.495,54.577,58.112,-0.351,-54.956,43.204,13.317,-7.123,-9.018,-5.211
287.18454,40.678,68.136,35.214,-36.669,78.288,-25.256,-24.78,-27.049,-18.938,61.922,-5.001,8.117
287.34717,42.909,9.367,-43.543,82.075,38.755,-73.546,2.756,45.376,-6.392,14.969,-26.744,11.543
287.52794,39.697,71.726,-32.654,70.027,61.747,-43.285,34.215,42.071,7.597,37.222,-16.216,3.166
287.69138,44.255,76.0,-40.583,67.81,39.015,11.017,-18.113,57.84,3.335,8.841,0.56,3.897
287.95864,37.408,82.608,-35.133,-7.627,16.213,-60.165,-14.536,21.976,19.611,-23.278,7.474,-0.897
288.04848,42.457,64.876,3.295,32.277,24.175,-7.278,19.059,15.238,-26.579,40.77,-34.67,13.948
288.21796,39.875,30.176,-68.966,51.734,3.182,-94.078,-7.611,26.332,-9.739,6.678,-22.872,4.214
288.3878,46.133,59.139,-40.198,69.944,41.059,-27.391,-11.159,36.165,4.304,-15.902,-47.438,28.715
288.56032,43.711,69.474,-3.163,-14.318,16.673,-62.771,10.639,1.573,-12.772,-8.387,-10.215,-4.503
288.72277,43.305,3.74,-21.874,49.838,44.279,-63.326,17.337,34.202,12.882,11.549,-14.06,-5.416
289.07184,44.692,67.706,-48.003,48.375,42.147,-44.053,-26.375,14.128,27.08,-5.85,-22.238,-9.804
289.33297,38.41,42.884,1.932,6.903,63.158,-59.343,-8.883,-8.114,37.597,-7.838,-6.203,-14.649
289.41955,40.729,60.773,-14.247,-5.93,43.368,-79.365,15.679,-7.14,10.538,41.588,-12.659,-16.875
289.58857,41.343,10.089,-57.78,41.431,16.563,-82.786,2.882,2.149,-0.217,19.74,-21.68,-10.436
289.72522,42.627,45.387,-30.445,-35.794,64.518,60.861,7.22,40.91,38.299,-4.212,-38.072,-6.723
289.93084,39.639,66.032,-7.879,-11.947,58.756,-68.382,4.048,-21.604,29.229,39.815,-17.254,-17.465
290.10467,40.973,11.161,-52.256,29.934,25.831,-94.412,5.778,15.282,1.573,14.935,-22.157,-7.48
290.27442,37.865,63.75,-41.96,14.137,74.792,-68.456,15.306,-25.276,33.755,30.575,-23.617,-25.82
290.44653,44.669,62.025,-50.832,55.76,43.021,-46.417,-24.883,19.29,28.945,-10.707,-28.508,-11.122
290.70762,39.065,47.228,3.4,-17.595,55.58,-63.71,-9.556,-14.923,31.352,-12.195,10.948,-13.019
290.79465,47.02,30.282,8.58,-8.264,45.69,-34.295,-15.999,-10.978,-8.824,-3.49,-16.51,21.587
290.9639,45.752,22.302,-60.25,59.744,27.356,-25.432,-47.165,-24.583,2.855,-5.806,-32.818,3.885
291.13197,47.306,42.131,-29.803,28.569,49.037,-36.252,-52.911,-2.896,5.959,-15.624,-21.011,6.629
291.30222,45.533,26.242,0.685,-6.181,43.591,-37.795,-20.681,8.08,-13.451,10.079,0.535,-0.72
291.47424,46.236,27.614,-12.974,54.877,43.375,-35.111,-3.839,23.496,7.078,13.808,-17.076,-1.058
291.81769,44.111,80.724,-46.196,57.659,30.553,-43.114,-39.068,32.324,17.065,-12.79,-15.063,-11.496
292.07946,37.515,53.389,-32.759,3.049,24.452,-50.585,-24.219,-1.654,26.628,-17.034,-10.786,-10.442
292.16227,38.138,79.207,-22.211,15.363,34.248,-75.634,-4.234,-20.712,-14.497,21.921,-5.608,-4.426
292.25224,37.889,48.554,-36.224,3.786,35.076,-64.954,-26.763,-6.886,11.23,-6.784,-10.744,-12.18
292.33338,40.485,22.198,-67.272,51.881,12.631,-75.706,-7.418,15.129,-4.027,15.521,-20.541,-4.231
292.49229,42.95,80.907,-41.869,44.266,62.953,51.825,-41.177,42.836,17.784,1.685,12.646,-9.188
292.6819,40.776,57.875,39.076,-32.327,74.039,-24.836,-18.863,-24.733,-24.168,61.912,-0.574,10.95
292.84395,42.483,0.542,-48.437,80.068,32.539,-77.794,5.112,45.646,-4.535,4.82,-28.995,10.881
293.02417,39.489,58.576,-28.277,83.186,58.086,-53.062,33.52,35.952,3.792,41.592,-14.192,3.228
293.18739,44.118,69.027,-39.443,75.054,35.746,1.753,-19.589,56.571,7.137,-1.489,-6.746,6.639
293.45361,37.045,73.665,-36.52,2.252,10.203,-64.263,-16.749,6.055,13.716,-22.14,-1.147,0.319
293.54299,42.453,68.351,5.641,24.539,21.453,-3.12,20.202,15.458,-30.046,45.499,-33.98,14.502
293.7102,40.171,29.25,-66.642,58.869,2.589,-87.862,-4.582,26.219,-10.82,10.506,-25.897,3.604
293.87379,45.659,62.707,-41.507,61.079,44.296,16.571,-3.804,35.918,3.7,4.889,-18.825,21.781
294.05333,43.652,70.917,-3.577,-15.241,16.717,-57.33,10.393,3.042,-12.572,-3.025,-1.354,-4.499
294.21406,43.103,10.295,-16.764,58.271,47.483,-55.815,15.194,30.547,15.644,8.031,-7.969,-6.348
294.56875,44.681,63.422,-47.816,51.16,41.494,-50.803,-27.7,15.371,27.515,-8.621,-26.252,-9.492
294.82961,38.728,46.725,2.177,-4.917,59.981,-66.182,-7.868,-3.098,40.975,-4.888,5.736,-18.274
294.91655,40.482,52.443,-14.151,-10.273,41.608,-83.253,14.359,-6.339,10.69,37.019,-22.04,-15.013
295.08544,41.057,4.027,-56.851,33.525,18.021,-96.468,5.453,6.207,1.494,21.767,-22.587,-8.931
295.25283,45.396,64.316,-46.514,49.094,46.484,-37.342,-27.593,12.44,23.379,-13.369,-45.136,-4.475
295.42753,39.554,63.258,-1.977,-17.956,54.785,-71.778,2.264,-14.793,32.399,38.902,-17.126,-16.59
295.59542,40.972,16.739,-48.11,47.515,27.551,-81.24,6.403,13.444,0.731,16.069,-14.778,-10.633
295.76966,37.808,63.639,-38.494,9.95,72.339,-72.585,14.24,-23.765,32.785,34.331,-24.416,-24.98
295.93823,44.611,66.627,-43.285,52.46,46.297,-36.711,-25.772,22.659,26.879,-2.186,-15.718,-13.001
296.19937,38.248,47.736,5.251,0.202,52.914,-56.343,-2.701,-6.461,39.903,-9.476,-0.624,-13.504
296.28649,46.876,27.806,5.287,-12.575,47.178,-27.758,-17.522,-9.742,-11.576,6.346,-8.357,20.21
296.46086,45.768,19.382,-61.211,58.647,21.562,-30.844,-42.669,-32.232,-1.665,-0.633,-30.339,1.703
296.62907,46.598,28.297,-28.374,44.718,42.588,-35.308,-54.824,-18.044,11.084,-23.936,-33.356,6.728
296.82621,39.829,-71.813,42.74,-32.189,46.065,-22.957,-21.701,17.079,5.89,-0.324,2.464,4.003
296.9717,47.426,57.798,-16.668,29.823,52.447,-41.524,-0.44,43.127,15.382,2.263,-19.854,-6.925
297.31265,45.279,86.922,-42.098,38.239,36.815,-35.488,-44.36,36.468,14.883,-12.434,-31.239,-5.822
297.49102,39.135,150.9,-29.922,-36.395,37.425,-64.925,-17.378,-1.038,18.591,10.109,-14.06,-31.625
297.57569,40.01,103.649,-20.995,-30.521,42.463,-62.888,-8.179,-0.005,-3.037,-2.182,-14.042,-4.661
297.7458,40.223,97.573,-25.5,-31.548,42.754,-59.26,-25.791,9.228,13.389,-13.377,7.167,-15.31
297.83093,41.151,43.717,-71.712,35.252,16.582,-86.291,-10.019,24.704,-3.348,5.661,-26.408,-7.77
297.98626,43.643,87.822,-36.177,44.521,59.536,25.736,-49.739,46.675,12.041,3.833,4.078,-6.786
298.17324,40.71,67.968,38.277,-40.62,75.727,-24.057,-20.736,-28.677,-24.8,63.533,-4.653,8.652
298.33587,43.049,9.843,-46.667,82.318,36.37,-68.517,5.315,41.699,-5.37,12.769,-26.102,9.517
298.51859,39.825,70.053,-31.905,77.195,60.26,-28.497,34.486,38.828,10.027,42.45,-16.89,4.485
298.6824,44.674,75.344,-38.566,78.107,35.323,-12.828,-23.373,57.259,6.447,-1.816,-14.857,9.73
298.94794,37.36,79.473,-34.835,-0.665,12.23,-66.586,-16.092,14.566,16.226,-14.797,6.684,-2.442
299.03732,42.756,69.227,4.75,27.098,23.203,-11.644,19.435,13.504,-30.331,43.741,-30.589,13.849
299.2058,40.042,31.976,-66.416,52.508,0.663,-99.999,-7.184,30.173,-11.206,9.875,-24.282,3.093
299.37574,46.07,60.36,-36.794,71.675,41.085,-27.148,-14.886,36.787,5.436,-15.459,-46.882,29.093
299.5493,43.64,67.461,1.435,-15.429,10.27,-60.767,9.52,2.728,-10.389,-9.895,-5.339,-5.92
299.7122,43.124,3.846,-18.256,56.478,42.89,-62.913,15.648,33.838,14.896,9.026,-13.362,-6.838
300.06036,44.52,63.719,-47.5,49.822,44.029,-40.173,-24.335,17.069,24.873,-4.552,-19.032,-9.748
300.32132,38.617,42.83,-3.656,1.711,62.21,-60.181,-2.39,-6.016,37.746,-6.418,-4.216,-15.045
300.40803,40.64,54.824,-13.329,-6.532,42.215,-79.88,17.62,-6.119,6.622,37.41,-14.837,-19.369
300.57927,41.272,0.68,-64.809,41.72,13.807,-86.943,1.859,2.076,3.822,24.322,-24.293,-4.078
300.74045,44.254,56.541,-38.468,46.98,46.553,-23.04,-14.718,11.624,31.818,2.006,16.408,-15.351
301.09311,41.309,15.486,-56.01,38.918,23.357,-87.402,2.314,10.818,4.669,15.602,-26.412,-3.326
301.26744,37.727,62.531,-38.868,10.533,75.882,-79.135,14.247,-24.182,34.755,33.384,-27.005,-23.07
301.43551,44.726,63.741,-45.749,52.554,43.381,-44.826,-25.889,19.458,26.488,-4.724,-23.053,-11.437
301.69619,37.863,41.786,2.043,10.599,57.744,-58.405,-8.102,-15.052,38.788,-10.159,-7.424,-8.397
301.778,46.679,32.166,11.345,-10.189,46.701,-16.385,-14.55,-13.233,-14.163,7.865,-3.826,17.959
301.9532,45.957,29.409,-56.627,46.939,15.311,-21.114,-35.542,-24.32,-3.1,-5.508,-48.724,2.944
302.09202,45.177,14.712,-25.167,-35.719,64.296,53.782,-42.186,30.67,22.008,-20.3,-9.247,1.442
302.28934,45.221,14.476,-0.698,-16.292,43.189,-38.208,-19.36,-1.176,-13.961,-8.626,-1.692,1.119
302.46925,43.502,19.59,-17.742,64.404,20.855,-44.217,27.827,21.942,-9.84,4.495,-24.689,19.345
302.63615,41.249,55.79,-23.515,6.749,-0.323,-68.04,17.655,-2.537,-20.768,11.702,-2.787,-15.682
302.759,45.148,57.916,25.701,-26.821,26.208,3.234,-16.98,35.422,10.9,-8.757,-26.102,4.814
302.97433,45.259,134.061,-8.365,-20.591,26.196,-39.773,28.912,18.442,19.593,15.518,7.222,29.643
303.15361,46.814,88.686,14.333,8.287,38.181,-45.158,7.607,41.764,-1.654,4.23,-8.47,22.002
303.4439,46.956,115.34,14.712,-12.957,49.687,-15.111,-14.375,9.574,-1.028,1.069,-31.3,15.54
303.66467,44.601,125.105,16.595,-19.94,13.652,-51.832,12.289,29.519,-14.407,2.038,6.449,-8.368
303.839,47.428,125.423,12.856,32.432,21.344,-25.259,2.335,29.524,15.821,9.887,-15.373,25.751
304.01288,44.987,146.816,-3.47,-18.874,2.486,-53.943,2.546,19.405,28.614,-6.977,2.606,0.586
304.12322,47.314,149.192,5.896,-1.27,39.575,-10.076,-25.311,-0.482,9.123,20.15,-27.536,20.374
304.35574,45.115,172.752,-9.396,-33.058,20.589,-38.45,-8.87,32.891,23.371,-3.973,-1.344,14.982
304.53002,46.779,95.337,17.151,26.168,17.616,-46.553,10.115,21.7,-11.485,0.881,-9.125,11.185
304.69787,45.038,158.798,-11.623,-31.165,12.289,-53.966,-2.89,40.693,20.654,-6.394,2.377,2.735
304.81424,46.999,144.113,0.505,-14.728,51.173,-28.71,-26.21,6.459,-0.675,24.506,-27.654,27.065
305.04059,44.408,191.923,-27.014,4.142,19.255,-54.489,6.649,26.553,21.579,5.896,-5.595,26.499
305.2146,47.213,74.969,32.958,-5.917,9.719,-37.214,24.324,9.655,-1.747,6.973,-2.643,-4.18
305.3888,46.546,146.966,-0.755,-11.251,13.33,-36.3,-1.332,27.65,11.436,1.571,-8.317,1.459
305.5571,48.796,101.103,-6.497,0.629,26.748,-53.366,-27.224,34.844,9.581,-3.816,-5.386,0.655
305.73161,46.608,83.301,-7.607,-19.167,38.329,-49.226,3.189,-14.92,0.673,20.185,-5.044,0.239
305.90621,47.627,80.238,38.53,-11.404,0.362,-42.307,19.819,9.916,-2.999,1.046,-16.24,-2.475
306.07946,46.537,145.669,-3.906,-7.616,10.886,-38.051,-1.667,15.642,8.087,1.201,-6.432,2.031
306.24227,48.317,75.073,0.87,14.254,25.567,-56.24,-19.285,3.931,7.641,-12.697,-8.365,-12.072
306.76472,48.868,68.351,32.561,-31.509,60.386,-26.762,7.892,7.97,2.387,13.642,-11.172,-3.125
306.92712,49.679,47.626,9.916,4.628,36.491,-35.019,-37.215,8.965,2.99,-1.653,-22.089,-5.331
307.10685,47.478,93.446,-4.491,-4.325,50.428,-47.651,-5.674,33.262,5.659,-4.895,-4.01,7.345
307.27556,47.639,58.757,20.884,-15.143,29.603,-31.619,-22.29,15.883,-8.282,24.981,-18.604,-3.864
307.44912,47.417,89.399,21.817,-23.126,47.048,-46.869,25.402,-9.884,-2.492,8.427,0.49,4.039
307.61814,41.785,74.676,-24.131,136.618,53.861,-57.879,-45.087,28.084,17.019,-39.87,-32.442,16.315
307.96041,45.726,60.402,-35.418,14.239,42.0,-41.184,3.007,46.64,10.965,4.581,-25.145,-4.313
308.30299,45.915,74.433,-19.061,24.169,42.486,-42.507,-18.477,20.533,10.578,-0.844,-12.499,0.958
308.53687,42.076,89.192,6.16,-16.628,57.941,-30.997,28.078,14.303,-8.382,28.467,-10.576,11.633
308.71497,42.653,42.003,17.934,-19.049,59.57,-14.856,36.261,2.752,-15.14,8.884,-17.292,1.771
308.99356,45.562,77.136,-18.536,42.372,42.056,-50.196,-18.515,19.917,13.356,-14.115,-19.374,6.711
309.23959,40.985,47.227,8.655,-2.162,56.767,-39.815,17.604,29.648,6.917,-2.592,3.214,13.518
309.33692,42.093,24.889,-37.739,35.721,39.951,-65.872,-12.724,43.369,-4.777,25.079,-37.048,-2.419
309.67891,45.082,47.527,-63.141,32.978,44.199,-45.862,-62.577,3.013,10.723,-20.859,-19.597,4.561
309.93569,39.701,5.907,-56.326,-18.897,49.018,-37.342,-56.877,-10.644,10.893,-2.584,-2.038,10.511
310.0229,41.543,11.906,-15.351,-11.347,71.797,-66.114,-1.257,-35.835,-11.08,37.476,-3.871,-12.404
310.10862,43.354,1.723,42.442,0.17,64.574,-59.606,39.512,-5.485,24.426,13.758,-1.591,-6.763
310.19469,40.249,17.469,-70.086,57.417,6.828,-97.569,-12.576,34.758,-1.125,12.107,-34.118,-0.607
310.3634,45.962,36.706,-49.388,25.269,53.366,-26.398,-61.41,-8.041,10.487,-9.324,-34.994,6.27
310.53773,44.745,15.421,-35.596,-5.836,41.863,-43.063,-51.578,-0.493,-6.572,4.846,-25.74,-7.327
310.71202,42.057,18.098,-35.164,36.728,32.562,-70.912,-20.673,46.888,-5.205,18.481,-42.153,-0.263
311.04862,44.991,65.412,-20.537,43.975,42.906,-35.543,-14.247,17.539,11.341,-1.661,-12.211,3.75
311.30993,40.904,50.566,23.818,-9.617,44.393,-43.12,25.924,30.795,2.247,-7.542,-5.726,5.46
311.47211,41.263,23.722,41.442,11.359,60.397,-26.432,29.291,2.213,-2.325,0.142,-6.541,5.732
311.56472,42.37,8.299,-3.209,16.661,20.055,-72.222,27.238,-14.626,-16.526,17.429,-9.24,-3.412
311.73927,44.74,69.815,-20.974,46.626,39.013,-50.316,-17.724,12.132,14.06,-15.308,-20.075,4.747
311.99605,39.707,47.544,1.33,24.082,39.424,-55.292,16.933,20.523,13.319,-19.374,-4.008,18.879
312.08367,41.612,22.743,-38.241,44.496,29.858,-61.615,-4.611,42.447,-2.863,22.638,-32.423,-0.233
312.42444,44.631,45.887,-58.641,36.385,42.091,-35.419,-59.251,1.297,8.898,-11.724,-18.516,2.959
312.68458,39.592,5.998,-44.061,-39.347,45.895,-60.628,-53.159,-30.939,13.845,-10.1,6.172,11.148
312.77279,41.42,-2.456,-9.172,-8.787,68.771,-77.195,-12.311,-32.374,-3.749,28.165,-14.873,-6.791
312.84281,41.592,4.566,-12.591,33.1,51.351,-12.129,25.368,40.825,21.862,-7.299,-42.199,4.407
313.10862,45.574,50.455,-53.342,31.911,45.162,-24.305,-63.03,6.828,8.542,-8.572,-33.976,8.645
313.27664,43.717,24.14,-49.546,-5.757,42.055,-21.477,-38.866,2.87,-8.214,-0.467,6.522,-4.151
313.45832,42.332,24.186,-25.406,27.571,20.576,-68.174,-16.73,39.54,-5.199,14.876,-27.944,0.706
313.8005,45.508,67.998,-14.945,33.266,35.602,-51.327,-14.397,9.164,16.026,-13.009,-13.348,0.603
314.02916,41.313,62.9,48.833,-29.056,20.892,-18.969,21.27,27.004,-4.335,21.135,-3.414,0.858
314.21819,43.305,49.459,60.157,-6.453,28.574,-28.915,6.892,0.258,3.945,11.353,-0.954,-6.015
314.3166,44.608,39.781,21.676,-2.679,-7.429,-57.928,15.167,-0.705,-2.351,13.826,-11.327,-3.276
314.48472,46.073,80.678,4.617,22.946,27.502,-43.5,-23.11,10.488,9.826,-8.303,-6.872,-2.08
314.7112,43.073,69.62,49.34,-8.575,35.48,-21.93,17.146,21.049,23.658,12.568,-7.548,27.271
314.83347,44.123,27.602,16.699,6.638,12.316,-69.134,7.296,22.219,-8.037,17.831,-15.475,-3.244
315.16467,46.198,53.802,-14.279,12.686,24.895,-11.102,-43.264,4.207,-14.361,-4.092,7.279,-1.031
315.42463,43.102,23.512,19.227,-32.454,28.022,-38.298,-20.741,-2.964,8.942,-8.619,12.519,-2.982
315.68422,43.156,35.09,-16.703,12.741,0.299,-72.404,8.857,20.004,14.792,13.606,-10.182,19.493
315.83741,45.463,48.968,-4.358,-8.447,47.179,25.98,-15.934,-4.424,-13.688,10.545,-13.552,9.587
316.03465,44.944,19.776,-11.214,-18.961,32.247,-46.835,-40.538,-2.166,-23.387,-9.57,-21.867,-13.869
316.2039,42.43,22.351,-11.03,27.829,23.582,-70.861,-6.328,27.937,-8.078,11.012,-25.734,-5.004
316.54576,44.878,67.855,-20.047,42.842,41.857,-44.334,-12.597,10.672,14.471,-12.982,-19.802,1.827
316.80145,40.612,55.579,25.489,-8.412,44.684,-33.326,27.714,32.125,5.148,-9.606,-1.751,10.133
316.9576,41.104,19.122,26.881,-14.35,52.82,-14.611,31.845,0.505,-8.758,4.862,-10.267,3.162
317.23687,44.653,72.245,-19.755,46.342,38.471,-50.708,-18.131,13.141,12.435,-16.453,-20.724,5.747
317.48644,39.716,37.663,11.071,14.272,39.046,-55.136,16.345,15.29,14.58,-7.37,8.863,14.088
317.57918,41.406,19.376,-34.69,34.39,34.429,-73.701,-9.687,40.071,-5.421,20.62,-35.647,-0.075
317.91569,45.065,49.569,-53.659,32.74,45.885,-23.972,-58.392,-2.293,6.763,-10.564,-29.852,9.7
318.09057,39.767,33.776,-49.132,-42.083,47.334,-51.086,-56.045,-35.514,-9.969,30.875,-0.919,1.825
318.26295,45.662,38.572,13.527,-5.488,44.601,-28.302,-17.272,-10.767,-16.172,-0.337,-16.861,30.415
318.43855,44.318,41.029,-58.415,65.726,17.219,-26.253,-41.175,-22.059,-1.004,-6.124,-37.984,8.114
318.60717,44.707,29.599,-30.636,66.608,32.671,-30.8,-48.571,-10.56,7.813,-25.106,-34.973,8.119
318.85143,38.37,-24.925,98.522,9.587,61.842,-30.66,-9.679,9.496,3.135,-12.858,-15.623,14.879
318.94966,46.33,57.267,-8.601,33.332,57.081,-32.443,-2.841,46.513,13.788,6.623,-11.529,-7.924
319.29179,45.294,75.841,-13.613,25.325,48.23,-45.434,-21.574,19.876,11.639,-8.622,-11.944,-0.36
319.52385,40.965,95.844,10.082,-11.427,66.915,-36.241,21.96,9.808,-10.514,20.472,-13.924,7.437
319.71546,42.193,45.044,20.539,-8.149,61.143,-22.217,30.197,0.587,-9.411,-1.076,-15.668,5.704
319.98249,44.553,79.036,-17.516,45.481,44.066,-49.063,-21.211,16.815,14.813,-16.678,-17.712,3.968
320.23828,39.691,56.165,0.676,5.851,59.109,-59.755,3.805,22.524,12.622,-15.063,6.441,13.915
320.32617,41.815,25.676,-36.578,33.386,38.413,-65.474,-16.208,38.478,-5.503,25.838,-38.424,1.632
320.66181,44.414,54.176,-54.275,29.696,44.631,-26.198,-60.116,9.388,7.465,-3.831,-10.165,0.876
320.90027,38.629,7.113,-51.556,-33.58,49.418,-7.272,-61.161,18.201,11.381,-0.994,-9.267,8.479
321.00961,40.821,17.278,-20.38,-5.471,68.93,-64.017,-14.399,-33.518,-5.832,27.973,-3.131,-13.459
321.07914,40.889,7.653,-17.666,23.427,62.122,-10.449,19.561,38.815,20.493,4.466,-45.31,-3.038
321.35247,45.382,43.693,-42.363,26.11,52.226,-27.046,-56.683,-9.338,9.433,-8.347,-29.712,2.301
321.52608,43.765,19.025,-30.487,-12.283,39.795,-42.086,-39.755,-4.583,-8.12,-3.958,-24.769,-8.857
321.70136,41.187,25.11,-30.988,39.591,36.312,-73.804,-10.214,41.092,1.136,14.606,-40.573,0.483
322.03755,44.447,65.92,-17.579,42.757,40.65,-35.49,-15.801,15.93,14.448,-8.718,-13.115,1.409
322.29188,39.949,51.283,24.865,-3.53,52.818,-32.583,24.538,29.03,4.361,-7.876,-2.831,8.416
322.47302,41.676,15.636,20.135,-3.441,47.586,-37.178,32.198,-7.164,-7.748,-2.108,-18.625,4.014
322.72816,44.351,74.507,-18.886,47.962,43.335,-46.19,-19.238,15.025,9.859,-8.77,-19.611,7.649
322.98472,38.804,34.588,4.096,27.136,38.939,-60.367,8.351,8.037,18.753,-5.922,-2.24,19.161
323.07306,41.365,22.638,-29.406,43.427,34.028,-59.012,-5.806,41.165,-4.213,27.822,-40.959,5.112
323.41329,44.433,52.167,-56.296,35.462,42.13,-41.286,-61.858,5.191,9.963,-13.377,-22.732,5.64
323.65143,38.55,9.96,-52.789,-30.017,46.272,-13.369,-59.138,22.63,15.301,-10.259,6.265,5.768
323.7615,41.536,5.124,-0.618,-13.19,67.772,-72.802,-3.074,-37.937,-12.046,35.579,-5.982,-12.871
323.84871,41.337,18.424,-15.157,45.764,44.201,-27.311,24.877,33.391,11.033,4.482,-59.059,10.558
324.09837,44.859,48.398,-55.434,34.763,45.619,-18.134,-63.937,5.654,6.559,-7.567,-29.707,9.93
324.27855,43.712,30.226,-35.898,-8.212,25.057,-48.904,-45.216,1.573,-9.768,-5.105,-22.563,-2.624
324.44658,41.223,16.508,-33.047,32.371,33.873,-69.269,-10.944,38.833,-6.584,18.641,-40.743,-2.246
324.78336,44.176,66.821,-19.33,45.366,46.06,-30.407,-14.601,18.356,13.924,-5.937,-9.293,2.869
325.04254,39.85,53.269,28.983,-3.012,51.811,-36.503,20.903,26.533,5.448,-14.004,-4.786,9.492
325.21878,41.33,18.409,27.968,-1.488,50.546,-34.49,26.321,-7.399,-4.204,2.326,-17.122,7.922
325.47955,44.389,75.486,-17.711,48.539,42.57,-50.311,-19.467,14.341,13.178,-16.001,-18.368,5.443
325.72417,38.955,37.689,1.287,27.025,47.584,-38.487,7.701,15.413,9.028,-5.413,-4.884,19.201
325.81383,41.184,20.651,-34.822,41.857,32.389,-66.93,-9.827,35.692,-3.208,28.714,-33.564,-1.454
326.15927,44.352,51.71,-56.499,33.904,43.572,-37.363,-60.751,3.14,8.026,-10.149,-13.321,3.32
326.42059,38.978,11.022,-49.634,-32.644,48.012,-50.735,-52.103,-24.716,14.812,-25.705,-1.768,12.099
326.50635,41.26,3.696,-9.197,-10.294,68.026,-67.928,-16.012,-37.009,-4.456,24.939,-3.787,-11.14
326.59456,40.934,15.516,-12.099,49.102,45.722,-29.672,23.858,44.863,11.271,8.755,-60.369,9.848
326.85079,45.402,42.865,-46.616,26.215,50.611,-31.064,-61.031,-5.265,10.467,-17.278,-38.316,4.181
327.01927,43.953,16.574,-33.459,-10.665,43.341,-43.152,-48.814,7.315,-6.705,-0.494,-15.728,-11.316
327.19283,44.847,101.735,23.397,-18.274,10.931,-42.846,-51.855,-6.872,-1.498,-3.565,1.784,-41.313
327.25664,44.834,86.048,48.548,9.2,12.798,-19.567,5.16,18.599,-9.03,13.528,-26.674,-18.437
327.53492,46.48,69.431,26.258,32.199,40.871,-46.102,5.557,18.167,4.634,-12.414,-6.486,11.751
327.78467,42.71,62.598,55.831,6.525,64.004,-42.762,30.491,29.483,4.942,5.806,-5.828,-14.314
327.95864,42.546,43.709,45.887,-0.225,62.836,-34.937,23.749,7.116,7.196,6.868,-13.319,-8.169
328.05193,43.859,18.986,13.013,7.572,29.546,-66.304,18.626,-3.542,-3.045,16.022,-12.636,-13.043
328.22558,45.37,69.307,1.199,34.922,45.77,-44.155,-19.273,8.946,10.888,-11.62,-12.524,3.057
328.46957,40.899,35.861,28.814,14.719,58.988,-42.781,4.354,12.999,7.945,-5.231,5.04,12.685
328.56798,42.92,9.487,10.536,-9.006,21.915,-64.415,18.849,-3.604,-14.79,17.104,-25.392,2.374
328.73578,46.728,33.939,29.645,-45.321,49.299,-33.474,10.835,7.065,-9.522,28.065,-9.834,-15.026
328.89361,48.221,33.279,-6.049,10.202,44.697,-20.807,-27.799,-1.839,7.456,7.673,-26.921,2.861
329.08404,45.762,66.67,-8.89,-21.643,46.259,-43.062,-7.754,26.958,7.096,-3.278,-18.834,8.243
329.25297,47.787,35.692,14.61,-17.548,33.965,-31.89,4.388,-5.323,-1.857,13.068,-22.392,15.671
329.4273,47.103,63.738,14.238,4.016,23.116,-34.203,14.78,-24.971,2.966,8.394,2.187,-1.867
329.60172,44.227,57.478,-9.072,80.877,41.034,-47.163,-33.062,1.16,13.866,-30.789,-29.114,4.104
329.83338,38.773,-12.668,94.058,10.554,67.337,-29.965,-7.114,5.797,1.843,-8.164,-8.663,15.273
329.93864,43.375,77.27,35.063,12.433,-18.585,17.354,11.963,41.125,4.882,-18.998,-12.338,-8.889
330.28068,45.897,90.145,-16.247,22.342,37.025,-42.927,-16.661,26.197,13.559,-7.601,-14.786,0.612
330.52431,42.232,98.58,0.313,-24.549,50.814,-21.715,24.547,30.706,-2.277,9.615,-9.179,3.122
330.69265,42.314,53.57,21.78,-22.74,53.929,-32.869,34.965,9.27,-8.501,18.877,-12.646,-0.364
330.80313,43.871,47.916,-15.47,-9.153,34.447,-66.246,25.764,5.656,-8.7,-2.165,-16.049,1.389
330.97211,44.907,78.14,-19.133,37.776,39.937,-49.179,-13.939,23.915,12.753,-11.201,-17.736,5.69
331.22685,39.767,44.719,-3.826,7.885,41.348,-69.284,20.521,14.57,14.689,-10.172,6.642,5.129
331.31388,41.805,37.717,-31.229,28.135,39.386,-60.365,-7.521,36.818,0.653,13.252,-38.663,-1.032
331.65619,44.561,58.975,-48.603,32.257,36.676,-29.43,-54.654,4.33,13.701,-20.141,-40.487,4.435
331.82431,38.909,41.255,-75.955,-29.328,58.302,-66.751,-75.139,-10.082,14.853,14.079,11.883,-3.466
331.91746,39.19,23.57,-62.06,-20.717,49.896,-58.426,-69.622,6.348,10.046,-7.395,4.703,1.156
332.00544,40.401,6.369,-18.293,-3.905,70.546,-66.898,-14.189,-28.405,-13.442,39.251,-8.559,-12.444
332.07451,40.941,9.688,-11.225,29.48,52.88,-9.042,26.252,35.644,20.714,-5.53,-38.564,5.733
332.34127,45.245,43.556,-46.755,27.409,57.074,-22.351,-57.703,-4.106,11.171,-2.174,-31.844,4.817
332.51655,43.942,22.084,-34.144,-9.924,43.033,-42.482,-43.783,1.959,-11.758,5.818,-19.688,-10.586
332.68984,41.164,17.943,-33.439,40.419,38.203,-70.207,-20.007,48.521,-2.04,18.996,-41.645,1.521
333.02667,44.174,64.568,-21.082,49.164,44.082,-34.395,-14.426,17.935,13.732,-0.33,-14.22,5.335
333.2873,39.878,50.648,25.847,-4.934,49.354,-35.862,23.352,28.93,6.866,-10.484,-3.425,7.941
333.45637,41.563,17.412,22.086,-4.649,46.545,-27.675,32.207,-5.288,-8.355,3.012,-11.175,3.555
333.71683,44.184,71.636,-17.884,47.753,42.111,-45.082,-17.04,13.964,11.256,-12.547,-19.273,4.402
333.97238,38.812,38.998,1.467,16.032,40.561,-57.727,6.549,11.97,21.034,-16.535,7.42,22.15
334.06145,41.237,18.194,-34.579,42.272,34.362,-65.921,-14.542,41.692,-3.214,20.147,-33.516,-1.565
334.4019,44.759,49.552,-54.936,33.736,43.642,-22.103,-59.728,0.071,7.469,-11.77,-40.479,9.577
334.57574,37.579,39.6,-93.059,-13.638,58.693,-90.102,-74.268,-20.952,8.13,3.62,-5.543,-3.531
334.65179,38.152,11.109,-58.024,-12.008,42.379,-22.363,-59.803,15.83,12.986,-16.565,7.463,5.049
334.75093,40.895,8.232,1.295,-6.387,64.964,-66.31,5.842,-40.485,-9.382,36.177,-8.718,-19.846
334.83746,40.925,11.892,-13.839,41.085,41.912,-30.829,20.511,37.764,20.457,7.191,-55.276,10.688
335.08712,44.848,51.905,-50.855,31.196,49.172,-17.369,-56.819,3.939,8.703,-3.434,-30.212,6.339
335.25995,43.584,20.724,-39.097,-4.704,29.66,-45.557,-49.222,9.385,-11.845,-7.281,-22.51,-1.275
335.43469,42.195,14.012,-24.581,26.227,22.692,-77.189,-30.827,40.177,-3.388,10.683,-28.397,0.05
335.77782,44.781,70.467,-11.767,34.336,36.561,-44.226,-19.56,12.05,15.673,-13.81,-13.697,-1.307
336.01392,41.008,61.709,55.742,-23.525,23.24,-14.803,16.776,33.144,3.436,6.201,4.629,2.365
336.20177,42.89,56.591,69.582,-4.821,36.995,-32.13,-0.705,3.233,2.117,6.53,0.873,-4.177
336.30132,43.976,41.573,27.489,-4.221,-6.611,-57.992,14.789,1.251,-0.001,12.215,-10.478,-3.101
336.46299,45.513,78.316,10.007,25.445,28.311,-40.417,-24.114,10.214,10.027,-7.66,-6.164,-0.264
336.69474,42.171,64.894,53.859,-1.613,37.557,-33.852,13.659,20.342,15.148,11.717,8.211,26.367
336.81161,43.545,28.358,15.052,6.998,13.588,-67.841,15.318,25.448,-9.534,9.015,-15.807,0.461
337.14807,45.738,45.165,-12.892,17.987,20.279,-29.646,-45.878,-9.27,-10.553,-12.061,1.98,2.923
337.48467,42.622,40.766,9.914,-9.734,34.841,-30.136,-13.948,-35.736,-3.055,15.843,3.705,-21.186
337.5829,43.522,26.398,23.217,8.645,28.751,-35.811,18.627,20.913,23.797,4.397,-19.34,14.307
337.8151,45.139,44.438,-2.171,-7.352,47.095,25.629,-18.324,-2.55,-11.76,9.982,-10.133,10.018
338.01261,44.638,17.181,-9.983,-16.375,28.39,-44.803,-38.754,-4.665,-19.396,-11.182,-23.796,-14.019
338.18186,42.024,14.125,-9.435,28.216,26.824,-75.861,-10.155,29.884,-5.62,8.416,-17.485,-7.837
338.52417,44.316,62.347,-16.552,42.98,40.744,-38.622,-14.452,14.511,16.107,-8.221,-17.258,2.104
338.78558,40.287,53.734,26.515,-5.976,49.514,-39.492,23.772,27.369,0.139,-8.242,-7.778,8.881
338.94218,41.204,14.914,23.798,-10.537,48.309,-10.17,34.008,-0.146,-6.712,-1.366,-6.606,3.437
339.21465,44.352,69.802,-20.165,48.466,41.603,-50.518,-17.309,10.381,13.136,-16.222,-18.603,4.788
339.46998,39.192,34.738,10.804,13.254,39.207,-73.766,8.877,1.694,16.587,-3.524,16.313,10.378
339.5571,41.537,12.06,-31.887,34.08,36.622,-70.49,-17.697,38.855,-0.763,21.088,-37.882,4.441
339.89918,44.502,53.68,-50.555,28.476,37.934,-41.928,-59.526,6.529,9.104,-13.967,-16.631,1.02
340.12689,38.761,4.973,-42.886,-45.339,49.433,-17.72,-58.35,21.074,8.295,2.137,-13.662,8.495
340.24118,45.517,36.002,14.937,-7.226,39.391,-20.906,-12.845,-12.087,-14.638,-2.118,-2.418,25.476
340.41592,44.284,30.321,-56.61,60.287,22.757,-27.875,-40.094,-24.06,-4.239,-4.819,-27.678,8.28
340.58336,44.648,26.324,-30.986,61.699,31.752,-32.109,-46.785,-16.935,7.461,-23.863,-35.856,9.194
340.82844,38.263,-22.89,103.023,9.779,65.736,-32.146,-14.684,6.958,2.071,-13.724,-15.099,16.149
340.92671,46.348,50.026,-12.963,29.429,49.591,-32.189,-10.051,47.451,12.264,1.631,-11.441,-1.256
341.27506,45.279,73.656,-16.31,25.719,43.624,-51.657,-18.37,18.302,14.439,-14.002,-12.841,0.758
341.50739,41.165,90.081,11.795,-15.318,63.31,-35.93,26.243,11.107,-8.883,22.081,-12.524,8.836
341.68163,41.638,41.126,19.498,-25.062,62.24,-10.653,37.599,3.742,-13.806,8.34,-17.736,-0.876
341.96036,44.619,76.04,-18.399,42.893,41.269,-48.993,-20.376,18.709,13.797,-13.947,-19.726,6.695
342.2044,39.801,54.595,5.064,4.282,52.307,-39.005,12.37,30.728,10.871,-5.056,6.664,16.726
342.30349,41.536,26.265,-34.756,34.36,37.361,-68.284,-15.678,40.379,0.084,22.465,-36.157,1.369
342.64531,44.246,47.083,-50.85,34.003,40.993,-43.608,-57.533,-1.38,7.469,-8.299,-5.722,5.555
342.99324,41.097,10.503,-5.439,-11.257,61.045,-83.062,-9.183,-27.564,-2.155,27.409,-6.533,-14.02
343.08063,40.936,19.544,-15.17,46.231,36.476,-26.392,19.393,36.119,9.53,11.977,-55.55,13.664
343.3302,45.24,40.145,-43.748,26.734,56.04,-26.895,-57.896,-10.31,10.421,-9.26,-32.97,5.071
343.50485,43.89,19.208,-27.722,-8.531,40.821,-41.815,-45.873,-5.921,-6.704,1.398,-27.184,-5.107
343.67909,41.077,14.9,-29.929,34.622,34.143,-70.066,-12.129,41.914,-3.289,16.68,-41.586,1.572
344.02104,44.418,62.603,-20.036,43.267,40.551,-41.825,-14.588,14.499,14.748,-16.658,-19.129,3.466
344.26517,39.491,45.295,23.764,-13.439,47.039,-18.681,28.666,33.016,3.608,-2.01,4.297,6.493
344.44449,41.278,16.288,25.767,-3.594,49.376,-28.118,29.396,-6.269,-4.357,3.444,-12.99,5.852
344.70635,44.27,70.613,-18.248,46.002,40.102,-47.204,-18.505,15.017,12.197,-13.691,-18.207,3.941
344.96254,38.81,41.294,3.365,34.423,31.629,-57.288,13.122,9.95,15.025,-15.601,-3.773,16.834
345.05039,41.023,21.425,-36.938,46.477,30.598,-69.46,-11.534,45.255,-4.54,27.713,-33.806,-1.586
345.39093,44.206,51.05,-52.129,33.767,41.829,-28.002,-55.167,5.177,10.509,-1.365,-12.694,1.099
345.63596,38.628,6.854,-52.427,-31.132,48.981,-12.398,-58.709,25.217,14.162,-15.914,5.854,7.447
345.73909,41.29,2.214,-14.167,-14.097,71.462,-65.911,-17.785,-33.113,-5.535,30.911,-7.382,-10.039
345.80853,40.996,-0.627,-13.193,36.246,58.083,-13.834,18.229,46.942,22.273,-3.873,-46.235,3.552
346.07596,45.084,42.985,-45.427,25.869,47.538,-23.528,-57.249,-3.237,7.556,-5.109,-30.011,7.184
346.25034,43.227,29.983,-33.223,-12.777,29.543,-42.24,-37.28,2.986,-13.745,1.501,-22.951,-1.016
346.42503,42.654,4.244,-10.962,9.9,30.085,-74.179,-4.193,9.512,-7.662,14.691,-15.197,-1.526
346.76172,44.788,55.771,-6.321,32.295,38.418,-18.328,-14.785,12.347,6.841,0.577,5.868,0.589
347.01134,41.215,24.694,29.756,-21.726,42.404,-26.56,2.202,22.819,-13.255,-10.855,2.24,17.214
347.19596,42.619,4.875,28.109,-8.578,38.477,-32.58,12.72,-4.889,-8.847,-1.177,-7.503,12.184
347.45229,45.109,66.839,-1.364,32.313,36.723,-39.831,-21.78,3.891,0.777,-11.898,-9.082,2.277
347.71279,41.068,13.418,33.854,8.35,40.633,-51.697,-7.437,-12.206,2.482,-4.92,1.882,5.006
347.79442,43.421,2.441,10.699,6.218,30.115,-57.85,-12.858,11.531,-3.455,14.633,-2.658,-18.091
348.14222,46.099,38.434,-17.435,13.081,33.349,-39.902,-53.17,-8.728,-0.301,-13.559,-2.816,-1.597
348.4844,43.946,25.262,42.653,-18.491,45.671,-62.187,10.782,-15.147,7.145,20.336,-1.115,-22.208
348.64848,44.087,19.863,5.54,29.199,15.566,-57.59,14.792,20.151,4.891,20.802,-5.726,-21.245
348.82712,47.52,43.151,0.16,-6.112,41.488,-32.382,-45.726,-7.485,3.935,-12.923,-9.912,1.501
348.97252,46.4,-2.218,23.157,-17.16,54.177,-23.604,-11.484,16.824,2.432,1.442,4.638,0.661
349.14698,46.394,52.559,45.091,1.991,26.406,-10.452,6.32,31.506,0.518,-19.34,5.7,-6.664
349.51837,47.599,61.125,39.63,17.128,24.441,-41.436,21.083,9.907,-3.752,-16.334,-7.458,18.73
349.74481,45.573,70.914,78.941,-2.285,30.851,-33.558,53.841,19.099,-11.359,5.128,-0.359,-2.077
350.02893,47.167,51.762,41.658,5.162,4.873,-57.859,24.049,28.25,-23.114,5.762,-10.703,-11.016
350.2034,47.955,77.004,40.805,19.371,6.261,-34.6,-8.995,17.56,-27.709,-15.56,-10.075,-10.06
350.44726,45.654,105.111,47.636,-12.308,16.824,-39.455,0.87,23.891,-10.891,-0.852,5.201,-7.343
350.54608,47.318,62.668,34.411,7.588,-33.024,-27.623,5.508,-3.861,-30.521,7.781,-21.155,-25.744
350.71986,48.092,57.108,35.512,-36.35,23.538,-18.276,-13.39,6.677,-5.128,12.875,-12.608,-23.739
351.06816,45.449,112.523,22.766,-16.744,35.038,-26.435,-22.223,23.612,10.075,-0.384,-5.704,-2.013
351.2249,48.419,68.581,24.115,-16.828,12.163,-26.354,-1.556,3.736,12.889,33.976,-0.56,9.18
351.49247,45.252,60.987,0.336,44.825,36.126,-14.037,-27.744,14.962,9.436,1.372,-52.323,6.977
351.81147,38.364,-18.558,98.484,-1.417,66.282,-33.062,-6.017,13.02,2.042,-3.873,-1.681,12.564
351.92127,46.154,52.775,-9.274,31.918,53.224,-41.835,-1.844,44.089,12.832,1.281,-20.925,-3.692
352.26399,43.626,91.352,-38.93,44.349,30.911,-60.223,-43.885,40.827,21.448,-12.794,-13.943,-12.17
352.51909,38.986,101.645,-20.98,-21.115,43.045,-61.604,-9.951,-0.48,-0.547,-1.916,-13.783,-6.437
352.6927,38.622,100.619,-34.409,-22.568,41.65,-61.333,-32.839,10.895,16.063,-14.511,-2.537,-14.291
352.77324,40.268,47.347,-64.627,46.274,13.741,-80.393,-14.538,25.861,-8.263,11.441,-24.169,-8.559
352.94209,43.145,88.394,-31.277,60.863,51.217,-23.272,-62.471,42.331,14.587,-16.072,-23.944,-0.558
353.12322,39.741,62.611,35.412,-34.748,72.922,-22.681,-21.158,-20.642,-19.245,57.19,-3.842,7.982
353.28562,41.791,5.423,-41.386,80.063,33.446,-71.982,4.934,45.834,-5.983,8.455,-25.817,7.724
353.46707,38.472,63.59,-23.419,77.822,55.613,-43.585,30.591,39.294,5.415,42.825,-16.339,2.482
353.62984,42.967,72.176,-39.855,73.385,37.13,5.249,-20.772,60.169,6.302,6.649,-3.886,7.09
353.89524,35.835,75.076,-35.515,1.775,10.284,-69.766,-17.214,10.42,16.091,-19.441,5.737,-0.974
353.98277,41.332,64.394,11.551,27.403,20.833,-3.142,21.1,13.872,-27.517,40.056,-34.498,16.479
354.15079,38.837,31.242,-63.804,54.597,3.377,-89.546,-7.35,32.549,-6.337,9.165,-24.752,4.679
354.31596,44.433,58.944,-33.992,56.024,44.47,17.558,-5.743,39.385,2.052,8.931,-15.049,20.097
354.49256,42.358,64.744,3.168,-10.933,14.628,-50.825,8.738,4.499,-12.926,-0.993,3.796,-6.995
354.66163,42.079,6.599,-11.903,57.986,45.56,-64.625,14.18,32.235,11.759,10.648,-12.95,-8.319
355.00463,43.187,61.755,-36.665,46.831,44.388,-23.955,-24.148,19.723,26.785,0.569,-7.555,-14.663
355.2644,37.354,35.156,-1.981,8.318,65.142,-56.892,-6.255,-6.157,44.181,-5.707,-8.917,-13.292
355.3527,39.111,54.043,-7.103,-1.545,44.315,-73.996,15.294,-8.366,14.379,35.736,-11.394,-18.735
355.52658,39.802,5.927,-57.793,38.064,20.721,-93.736,2.498,6.372,7.457,18.944,-22.036,-6.824
355.69488,43.689,63.53,-33.865,52.482,41.388,-51.066,-24.674,14.172,31.361,-9.581,-22.606,-11.308
355.95592,37.67,46.24,21.315,-6.244,55.452,-69.954,-14.847,-12.622,34.85,-3.775,10.912,-10.77
356.04358,39.773,17.503,-47.195,43.941,27.917,-91.511,4.213,11.528,7.707,15.578,-19.322,-6.151
356.21778,36.348,60.143,-29.853,8.646,78.489,-75.147,16.787,-22.109,35.345,31.21,-31.621,-22.144
356.38014,43.328,62.982,-36.433,55.572,45.318,-36.857,-28.944,25.3,29.725,1.996,-16.542,-10.656
356.6415,37.583,41.852,9.182,-7.821,54.994,-64.23,-9.218,-19.162,34.247,-8.292,7.372,-12.916
356.72766,45.715,23.426,13.898,-13.89,43.786,-30.683,-14.192,-13.571,-11.785,6.878,-15.602,23.258
356.8971,44.985,24.153,-52.711,47.89,18.47,-13.488,-41.819,-20.591,0.139,-11.671,-42.656,1.017
357.04612,44.584,29.671,-20.358,-16.139,57.973,46.53,-37.93,28.176,18.836,-11.428,12.066,-1.08
357.22698,43.545,13.231,1.697,-16.678,44.256,-10.45,-8.983,8.88,-6.032,-5.954,21.767,-6.922
357.41941,45.376,13.553,-10.251,47.636,44.391,-45.733,-0.863,23.979,2.469,13.635,-23.87,1.474
357.75229,42.469,71.177,-44.469,58.094,34.27,-21.34,-35.276,37.611,17.914,-8.774,-7.168,-12.689
358.01755,37.711,70.916,-8.345,-25.552,30.496,-49.993,-8.05,1.919,8.605,-18.477,-7.508,-6.472
358.18653,37.416,56.507,-20.797,-15.791,34.383,-67.765,-25.377,-3.056,12.777,-6.063,11.423,-12.711
358.27224,39.061,18.322,-63.579,52.794,6.748,-91.835,-12.141,18.396,-2.821,15.029,-30.25,-2.543
358.43746,42.381,78.643,-35.992,62.504,53.314,6.876,-54.294,38.97,16.073,-7.459,-7.502,-4.069
358.62068,39.593,49.732,37.645,-30.844,69.577,-27.481,-26.056,-24.332,-20.709,65.184,-3.249,10.468
358.77714,41.511,1.054,-37.294,86.403,33.609,-60.209,5.896,46.409,-5.593,15.515,-23.203,10.409
358.96322,38.357,53.523,-22.247,84.334,58.18,-56.146,34.208,37.687,2.699,36.756,-20.143,2.287
359.12512,43.387,69.304,-34.379,78.635,33.494,-15.592,-22.619,56.269,3.191,-3.46,-12.398,8.347
359.38907,35.843,65.583,-32.709,9.3,9.887,-52.155,-16.108,6.624,18.45,-19.815,-6.107,4.397
359.47134,41.077,64.96,6.92,27.085,23.915,2.099,21.989,9.14,-28.29,40.424,-34.151,13.345
359.64794,38.548,28.491,-66.432,57.361,2.755,-93.374,-5.991,27.335,-6.011,6.65,-26.548,5.488
359.81914,44.802,54.644,-28.906,70.344,40.991,-22.215,-14.681,40.299,8.965,-12.336,-45.568,30.828
359.99156,42.339,60.898,4.663,-10.979,13.217,-54.852,9.938,0.102,-9.549,-6.1,-1.492,-3.549
360.15819,42.154,7.75,-12.066,54.653,43.055,-68.795,13.132,33.566,15.225,6.014,-20.511,-8.081
360.50127,43.4,60.913,-37.784,50.474,40.165,-41.096,-27.682,17.237,28.601,-6.292,-17.222,-10.888
360.76277,37.474,43.035,4.672,1.825,60.928,-61.379,-8.268,-6.353,39.729,-6.946,-2.462,-15.907
360.84975,39.27,53.239,-5.222,-7.571,42.998,-79.355,14.494,-2.778,11.009,36.108,-15.809,-18.479
361.01959,39.993,2.146,-58.494,44.427,16.22,-85.543,1.325,2.947,4.451,24.294,-20.395,-7.147
361.19206,43.761,61.677,-30.214,47.609,38.728,-60.781,-26.546,8.735,31.206,-10.217,-13.076,-11.307
361.53438,40.024,9.937,-51.243,45.555,23.145,-82.192,4.366,13.503,6.649,17.393,-19.831,-2.898
361.70948,36.54,64.271,-29.191,13.534,76.189,-69.871,14.644,-23.89,36.192,30.698,-30.762,-24.956
361.87751,43.361,60.016,-42.012,57.84,43.899,-47.33,-27.149,21.19,29.371,-6.398,-28.382,-8.9
362.13687,36.832,38.679,7.634,9.61,56.28,-59.371,-10.815,-17.669,39.983,-9.267,-4.138,-6.9
362.21905,45.462,28.272,14.322,-9.128,46.014,-19.559,-17.174,-10.897,-15.253,10.229,-7.01,22.746
362.39383,44.903,29.525,-49.271,46.504,17.223,-19.018,-35.312,-23.018,-3.647,-3.383,-44.295,5.389
362.53261,42.748,-8.366,-28.034,-13.935,64.498,54.095,-43.007,3.638,19.995,-23.794,-27.783,0.912
362.80667,39.788,-62.283,58.575,2.29,49.179,-43.085,-29.876,29.078,1.048,-22.849,3.519,15.639
362.91048,46.09,48.337,-5.06,31.336,51.214,-38.655,-1.79,42.426,15.903,2.928,-20.157,-1.58
363.25297,43.885,83.431,-41.256,41.933,32.634,-43.026,-45.853,35.962,19.476,-18.858,-30.81,-4.547
363.42308,37.902,148.547,-27.827,-37.665,39.264,-54.757,-16.765,1.559,24.016,11.69,-8.568,-28.927
363.50776,38.787,93.628,-19.965,-23.671,43.492,-64.229,-12.378,1.352,0.105,-1.852,-15.746,-6.95
363.68304,39.208,93.359,-18.622,-36.662,41.286,-65.036,-26.194,6.219,16.144,-16.487,11.396,-15.522
363.76975,39.852,40.953,-70.42,36.066,16.229,-89.503,-11.392,28.143,-1.261,5.757,-30.871,-5.813
363.93007,42.896,86.262,-29.902,55.941,54.923,-7.516,-58.082,42.475,13.577,-10.993,-14.38,-2.399
364.11175,39.488,64.107,38.962,-37.756,75.909,-25.059,-23.559,-26.435,-18.749,60.488,-3.886,8.863
364.27438,41.708,5.419,-39.358,82.157,36.784,-70.192,5.106,47.995,-4.483,10.375,-25.2,9.831
364.45546,38.586,63.657,-25.784,70.322,59.912,-44.688,35.607,42.738,6.63,39.113,-15.654,4.473
364.61333,42.29,68.148,-39.153,59.205,39.837,30.718,-15.483,58.036,5.558,15.38,7.589,1.375
364.88413,36.133,76.869,-35.534,-2.566,16.129,-62.859,-14.643,13.358,16.686,-25.852,2.81,3.867
364.97156,41.159,64.804,13.579,26.548,22.49,-0.687,19.914,14.654,-25.893,40.35,-32.765,14.625
365.1434,38.684,27.135,-65.024,51.567,-3.079,-96.357,-6.56,32.366,-6.548,6.778,-25.049,8.377
365.31551,44.834,55.893,-31.046,69.943,38.112,-25.762,-16.068,41.728,6.957,-16.413,-48.096,30.648
365.48898,42.524,67.756,4.391,-15.212,14.712,-63.689,8.178,3.82,-13.077,-4.238,-5.148,-5.31
365.65043,41.971,1.806,-13.358,54.316,46.072,-63.886,15.941,34.161,11.951,10.133,-12.069,-6.228
365.99234,43.162,59.646,-38.669,52.054,42.971,-33.549,-27.02,19.146,28.722,2.405,-14.721,-10.519
366.25828,37.267,46.679,14.621,0.268,63.319,-69.259,-12.884,-6.148,42.062,-2.095,5.91,-15.008
366.34698,39.281,55.426,-1.781,-4.36,42.093,-79.028,13.363,-7.009,10.818,37.442,-18.015,-15.677
366.51565,39.992,10.17,-47.426,41.765,17.087,-82.715,-1.256,2.475,-1.508,18.792,-21.269,-11.983
366.65701,41.534,45.012,-24.13,-34.104,62.261,59.436,4.629,39.373,36.87,-2.162,-36.851,-8.526
366.85764,38.315,64.138,0.22,-10.804,58.983,-66.045,3.693,-20.133,30.557,39.335,-14.461,-18.591
367.03152,39.673,6.821,-46.46,34.944,22.898,-92.304,5.75,17.746,3.575,11.746,-21.736,-9.145
367.201,36.417,58.392,-31.887,10.179,74.945,-70.481,16.432,-22.419,36.271,33.593,-23.228,-24.647
367.36803,43.266,60.911,-36.857,56.586,44.261,-40.677,-27.045,25.246,26.913,-2.384,-17.747,-12.272
367.63147,37.212,45.11,7.644,0.046,56.406,-56.828,-10.229,-11.372,34.226,-11.096,2.428,-12.509
367.71692,45.447,25.721,15.9,-12.636,43.736,-25.81,-10.71,-15.573,-8.183,15.556,-14.528,15.763
367.8912,45.045,27.219,-49.076,46.159,15.787,-14.24,-39.26,-24.914,-1.162,-3.988,-50.558,6.914
368.02517,43.375,5.994,-15.396,-56.553,65.569,49.47,-41.594,32.328,21.843,-22.751,-26.719,2.511
368.22776,44.07,19.044,2.022,-9.054,34.879,-39.463,-14.465,-0.661,-10.18,-0.599,-1.925,0.12
368.40748,43.092,8.232,-4.988,50.788,19.709,-45.823,18.257,8.682,-13.517,0.25,-19.484,15.068
368.57642,41.403,22.803,-7.097,5.208,22.707,-76.283,17.261,-23.512,-10.553,2.026,-5.847,-6.895
368.73819,44.803,49.229,-21.908,40.652,24.441,-28.411,-17.5,21.851,19.326,-15.413,-18.469,-6.884
368.91891,41.152,45.041,-4.064,-5.135,4.288,-68.676,-3.974,-2.122,-16.447,16.354,-6.444,6.455
369.08712,43.507,18.083,5.023,31.971,29.52,-24.611,-5.363,10.812,-21.396,14.432,0.704,20.59
369.26685,41.055,15.552,1.915,-12.764,12.877,-71.585,-9.229,-33.295,-24.13,8.46,0.164,1.195
369.42971,45.137,57.863,-9.731,39.232,27.161,-40.296,-28.952,15.251,8.428,-22.998,-11.023,0.026
369.60939,41.4,43.319,8.49,-11.166,9.983,-61.255,-4.692,-8.065,-18.891,10.428,-3.917,2.405
369.77796,43.341,19.364,17.591,44.187,20.673,-35.618,6.36,15.33,-11.284,-1.393,-5.31,7.302
369.94571,42.368,18.25,16.763,1.263,33.082,-55.316,-6.314,-20.073,-7.206,16.124,2.973,-18.468
370.11451,44.932,66.656,4.52,31.844,22.95,-28.339,-29.358,22.954,11.746,-17.36,-10.627,-10.937
370.29415,41.75,40.675,16.853,-6.983,21.394,-67.915,-4.316,0.396,4.864,29.813,-15.816,-24.281
370.46222,44.601,28.346,37.736,24.357,24.63,-40.627,15.562,22.177,-0.167,17.594,1.129,-1.091
370.63107,43.096,27.682,35.63,15.583,29.621,-52.47,21.46,0.088,0.953,19.784,1.031,-20.701
370.8059,46.19,66.453,13.671,27.023,27.154,-37.661,-6.259,11.947,12.353,-6.378,-8.587,-3.112
370.97959,42.759,41.779,43.828,36.399,23.784,-70.316,52.999,31.543,19.72,21.459,-0.698,0.305
371.1478,45.909,50.113,45.321,-4.623,14.076,-46.886,34.966,5.324,2.656,4.977,-0.396,6.626
371.322,45.87,72.9,33.662,34.131,15.698,-35.603,44.049,0.075,4.594,0.307,-2.631,24.039
371.49029,47.451,47.36,22.829,7.031,21.723,-44.001,3.548,-2.546,1.61,-8.275,2.367,9.224
371.84431,46.796,64.805,44.992,-6.22,2.775,-40.678,39.48,2.207,-12.58,-3.296,-16.183,15.349
372.01261,46.115,100.624,34.212,27.138,-12.317,-36.544,17.086,13.875,-25.224,-10.268,-4.528,4.908
372.18122,47.71,69.116,35.11,21.907,8.798,-43.975,-15.343,20.524,-11.311,-16.145,7.227,-21.969
372.70331,43.371,131.399,82.695,9.91,34.38,-48.921,-14.783,20.219,5.446,-7.192,2.098,-29.45
372.87778,43.295,122.168,86.148,30.515,19.738,-38.596,-24.895,12.617,11.678,5.589,-15.827,-29.404
373.0458,42.636,126.963,67.557,14.13,43.512,-37.344,-17.618,30.576,23.254,1.364,-4.209,-22.577
373.22,42.831,134.154,60.837,34.745,31.688,-34.712,-37.315,17.359,44.1,23.985,-8.331,-5.479
373.39478,37.87,182.423,32.524,89.71,54.174,-48.933,-31.147,114.815,44.354,-11.028,-24.799,-6.066
373.88785,37.238,136.089,-31.597,40.504,28.302,-7.125,-18.543,98.031,11.675,12.045,-14.978,0.082
374.42172,26.564,300.346,40.835,47.984,61.072,-38.605,-37.596,28.469,10.02,-17.082,-15.976,-27.216
374.65392,23.235,300.704,43.651,22.157,63.765,-1.513,-17.317,40.092,2.391,21.49,-29.904,-26.407
374.93841,22.36,294.978,30.069,46.714,55.622,-39.677,-26.088,29.631,12.445,-16.195,-18.666,-29.658
375.19388,20.516,290.175,21.926,43.991,50.341,-39.896,-22.354,30.492,12.299,-13.59,-19.491,-30.206
375.44934,18.645,286.244,14.522,40.436,44.156,-36.613,-19.229,33.628,12.234,-13.685,-21.008,-29.742
375.70467,15.955,253.553,7.088,56.548,29.847,-26.434,-10.235,6.106,11.9,-6.886,-27.57,-23.999
375.96571,14.628,213.339,21.758,-2.379,25.863,-29.014,-13.461,37.965,23.829,-1.12,-20.932,-17.456
376.22707,12.892,248.725,-8.123,33.969,26.56,-39.542,-8.831,16.121,9.894,-5.493,-25.758,-22.682
376.4834,11.481,239.271,-17.083,12.985,27.477,-32.834,-1.425,24.48,12.239,-11.394,-24.447,-21.547
376.73864,10.234,227.725,-32.122,8.183,22.795,-38.317,0.075,23.614,14.277,-9.116,-23.562,-20.491
377.00363,8.236,223.731,-31.558,3.679,23.924,-40.341,4.014,4.447,14.268,0.0,-26.785,-16.502
377.19542,3.888,185.348,-38.394,-45.009,13.667,-42.512,18.713,3.061,-5.27,11.819,-31.354,-5.763
377.47252,1.665,144.109,-43.641,-43.591,16.294,-50.4,32.166,9.564,-19.224,6.447,-16.55,-8.091
380.1658,2.256,124.668,-68.016,-50.148,11.086,-50.156,27.893,16.863,-26.605,7.903,-4.751,-2.862
