start,0,1,2,3,4,5,6,7,8,9,10,11
0.0,0.089,169.165,6.69,-30.813,55.381,-49.866,15.815,3.845,-27.546,1.72,-11.439,-6.091
0.2376,6.93,32.846,-108.586,-84.931,17.107,-32.511,-6.412,3.309,-25.743,26.599,0.941,-13.116
0.34236,26.818,-160.708,-124.773,30.235,-2.941,-39.03,3.267,26.57,-33.449,48.784,27.535,-1.559
0.58431,28.515,-178.895,-131.678,-14.983,-8.541,-68.341,-6.603,12.406,-13.606,28.655,8.912,-1.979
0.78857,25.546,-174.013,-112.884,-17.611,-25.042,-64.324,4.135,4.51,-26.676,12.586,0.344,-5.046
0.99628,26.081,-199.261,-125.149,-50.167,-13.698,-58.672,1.527,5.615,-2.943,13.96,3.76,-6.78
1.17565,24.717,-167.783,-167.836,32.091,2.372,-28.098,-7.939,26.134,1.846,14.224,-5.951,-4.263
1.98893,17.634,-157.137,-125.982,-82.21,61.347,-63.709,15.824,2.698,6.097,3.73,-6.41,-6.909
2.26812,25.458,-173.211,-85.89,-83.204,47.137,19.537,17.652,-22.517,15.713,-6.974,-37.017,-7.719
2.46549,26.189,-232.931,-81.104,-50.558,39.266,-49.546,22.981,13.306,9.137,-11.112,-13.597,-22.932
2.70454,27.253,-220.106,-27.72,-43.495,62.42,-30.126,12.363,-0.912,-6.342,-8.417,-15.946,-19.597
3.1634,27.624,-240.009,-57.897,-40.4,40.346,-64.648,21.313,12.046,-6.586,-2.838,9.146,-26.634
3.26726,29.026,-218.029,-36.189,-32.317,25.013,-60.071,23.575,23.71,9.828,-16.215,-7.797,-35.617
3.37297,30.801,-184.402,-65.708,-18.235,20.811,-49.796,28.436,-28.816,-11.495,21.997,1.69,-28.323
3.52984,29.263,-186.389,-65.86,-32.735,-9.102,-69.759,20.77,2.966,-14.682,5.866,-2.67,-14.448
3.61311,29.733,-200.305,-98.457,-26.381,-0.487,-70.301,11.483,3.13,-17.354,18.872,4.852,-13.66
3.80993,29.16,-189.219,-79.992,-26.43,-14.79,-59.339,9.495,12.324,-21.111,14.058,12.291,-12.086
4.05569,29.967,-196.84,-104.352,-23.676,-13.689,-65.081,7.524,15.836,-27.34,12.631,-0.491,-6.177
4.25528,26.992,-165.987,-89.988,-28.693,-22.342,-47.918,22.968,-3.6,-38.413,25.453,-8.602,3.154
4.41501,27.291,-172.148,-70.19,-62.152,-29.075,-33.012,30.801,-8.664,-30.842,-0.786,-4.306,1.087
4.69311,28.009,-165.609,-114.746,36.757,-22.422,-76.882,3.522,24.539,-20.819,6.79,-6.607,6.564
5.61442,22.439,-96.724,-61.332,-14.555,-17.726,-22.47,19.933,-20.447,-29.817,-9.42,6.049,2.752
5.85197,24.878,-135.487,-60.669,-59.781,-0.007,-26.522,7.389,-31.124,-20.028,26.589,-36.973,0.464
6.19456,23.796,-199.469,-90.348,-56.826,25.716,-46.991,-4.007,17.896,-22.753,-0.244,-0.022,-12.782
6.37692,28.073,-198.146,-98.337,-23.812,1.398,-59.325,10.029,-2.916,-18.184,19.02,-3.871,-2.447
6.66363,26.372,-187.494,-59.354,-76.096,36.012,-55.524,-28.113,2.42,10.682,-4.882,12.928,1.071
6.80526,29.264,-183.967,-94.069,-33.458,15.033,-23.337,-1.972,-13.94,-18.227,36.117,-31.186,4.937
6.92499,27.502,-190.211,-90.448,-23.696,-25.072,-21.993,3.414,24.435,-10.404,-12.053,-24.387,-18.35
7.27184,26.937,-173.486,-118.237,-24.816,23.02,-22.776,28.869,-18.324,-10.673,-14.724,-22.923,-14.321
7.4834,31.254,-183.081,-78.506,-98.05,-7.515,-26.685,18.898,-6.81,-7.532,-1.27,-10.712,-2.647
7.5927,35.401,-218.355,-65.929,14.948,3.446,-26.501,-19.148,21.099,-12.406,-5.525,-14.992,1.401
7.89587,28.59,-183.718,-118.394,-48.771,10.356,-24.159,16.775,-23.7,7.465,-10.372,-17.765,2.285
8.2312,29.924,-200.7,-100.131,-37.798,11.02,-63.659,6.475,2.587,-1.819,32.742,6.817,-9.121
8.45619,32.461,-202.501,-87.438,-25.258,7.838,-49.735,20.302,-19.6,-12.435,24.937,-11.624,-0.642
8.66014,31.492,-250.823,-33.604,-53.695,20.448,-46.017,17.343,15.225,4.851,-1.255,4.688,-25.017
8.93905,34.399,-193.032,-0.257,-45.768,15.545,-13.717,-13.334,18.044,-8.214,-3.493,-10.872,-7.716
9.43356,33.801,-150.372,11.313,-52.283,5.552,-29.765,-5.194,-10.973,-25.097,8.752,-16.902,11.835
9.70476,34.157,-154.592,-48.486,-3.186,-30.107,-51.407,-1.115,3.916,-13.214,5.65,-5.071,-6.446
10.13474,33.161,-160.376,-69.587,-33.152,-22.173,-18.562,16.9,-10.316,-11.9,-1.065,4.51,4.591
10.43098,33.711,-207.782,-48.562,-22.896,16.367,-9.724,-16.482,22.285,-6.977,0.956,-4.415,1.791
10.82336,29.853,-176.792,-59.917,-30.742,-4.278,-56.753,15.337,-19.993,-35.093,3.039,4.141,-9.483
11.06363,28.924,-178.593,-85.593,-39.953,-4.558,-69.144,0.553,-16.295,-29.874,1.757,-8.462,-5.893
11.16209,29.583,-217.702,-64.463,-58.479,-0.081,-38.512,-2.802,17.101,-7.057,-9.226,-1.989,-6.567
11.45859,28.575,-202.104,-61.34,-61.856,-0.052,-45.127,19.292,17.133,-0.789,-3.805,-2.438,-11.063
11.64998,30.697,-244.282,-68.568,-25.504,48.087,-8.145,-17.036,24.168,-4.228,-4.684,-15.228,-1.469
12.09968,31.354,-201.361,-53.212,-42.575,28.843,-18.02,1.229,-13.465,-7.712,17.702,-36.621,8.805
12.36671,28.65,-220.731,-89.379,-61.092,31.993,-42.752,-2.207,29.817,-6.25,-14.171,-3.642,-2.697
12.66481,31.291,-212.035,-72.432,-26.256,4.4,-27.727,13.649,14.45,-15.892,8.453,-20.701,-1.087
12.84707,29.339,-210.473,-83.323,-71.02,10.792,-25.126,-10.33,33.07,-7.285,-1.901,-7.187,-4.473
13.08499,31.831,-220.933,-37.361,-18.119,27.67,-0.101,-7.157,9.859,-18.839,1.649,-2.747,-0.65
13.34549,28.887,-214.878,-32.429,-48.956,38.53,-41.96,7.824,15.045,1.75,-7.958,3.651,5.414
13.52195,31.061,-214.879,-92.738,-34.02,17.096,-71.277,-7.337,-16.417,-11.888,17.47,-1.937,1.744
13.75161,29.544,-225.928,-85.555,-53.766,36.441,-54.521,-10.546,-19.273,-18.23,10.408,1.324,0.028
13.99624,34.392,-224.216,-39.916,-23.84,24.356,32.567,36.267,43.078,2.644,6.693,-14.193,4.179
14.26621,32.479,-227.244,-10.479,-11.831,13.098,-38.168,48.336,21.65,1.124,-1.33,1.543,1.574
14.5356,29.673,-230.468,-121.854,-31.36,23.725,-35.215,-7.376,21.155,0.13,-4.744,2.061,-0.602
14.7039,30.36,-202.657,-43.288,-46.207,42.302,-18.06,12.6,10.497,-14.814,9.477,-1.289,11.404
14.87932,30.754,-205.286,30.918,-23.703,33.555,-29.108,33.115,12.442,-16.985,-8.443,5.498,20.185
14.98358,37.382,-198.437,60.458,-54.57,47.418,12.27,7.715,13.244,-25.399,-23.071,36.001,25.788
15.14449,43.46,-84.454,74.677,15.107,39.762,-16.895,-25.974,-22.656,-28.799,-22.045,15.469,23.963
15.28553,43.63,-77.237,80.995,-2.742,36.613,-20.275,-41.726,-8.43,-21.497,-16.395,17.89,19.553
15.65587,44.585,-74.45,96.837,-4.82,40.791,-27.599,-33.737,-5.546,-22.583,-13.3,17.903,23.985
15.81247,45.528,-93.575,92.792,-12.375,42.184,-27.923,-31.375,0.324,-24.272,-13.519,14.25,28.682
16.09846,46.088,-94.408,59.513,16.356,20.755,-28.468,1.581,-6.091,-17.682,-14.947,-9.587,20.403
16.65927,44.092,-122.674,93.571,-40.552,39.715,29.452,4.233,29.129,-30.606,-34.124,10.032,20.366
17.14989,40.783,-174.582,37.641,-38.162,4.851,-8.702,30.366,10.701,-15.097,-21.586,18.454,9.757
17.25243,42.556,-162.937,44.534,-7.776,6.45,-32.016,13.816,6.215,-25.399,-17.682,0.58,18.362
17.60054,39.994,-162.664,57.869,-20.582,24.437,-22.37,-1.148,10.91,-26.216,-6.772,6.52,18.712
17.87279,39.325,-162.013,58.452,-13.487,28.346,-35.975,-6.352,6.672,-31.243,-8.607,7.708,23.517
18.03537,40.68,-144.34,-2.008,-17.933,-1.818,-42.508,19.505,-20.033,-25.702,2.339,4.686,9.239
18.32748,38.801,-175.365,34.569,-5.132,7.958,-22.579,17.831,20.322,-29.329,-13.267,-16.256,26.846
18.56916,38.375,-137.828,64.963,-44.69,7.522,6.225,13.515,18.68,-38.762,-28.192,33.039,24.378
18.81991,39.523,-114.119,56.161,27.584,5.015,-14.7,-0.15,0.682,-51.136,-22.19,-19.897,39.059
19.05515,40.558,-173.698,1.128,-10.163,22.481,-34.559,8.644,0.365,-21.49,19.166,8.393,19.352
19.51075,39.506,-173.004,45.637,-3.886,33.844,-24.032,15.956,-8.199,-29.136,-2.212,2.303,20.611
19.96381,38.304,-170.481,53.656,-12.197,30.052,-33.334,14.625,-7.659,-29.901,-10.237,3.835,23.048
20.90327,38.773,-164.637,80.65,2.555,39.247,-39.261,0.325,2.307,-31.076,-18.081,9.208,24.229
20.99651,38.501,-176.04,40.937,-5.687,32.39,-42.208,5.928,10.371,-29.5,-10.269,19.874,18.17
21.87374,39.46,-189.475,22.784,-20.811,14.05,-29.422,5.262,12.122,-27.538,-6.774,11.329,19.64
22.07066,39.532,-157.368,14.914,0.1,8.885,-57.898,29.312,-11.783,-30.765,0.061,9.183,19.59
22.3781,40.124,-183.928,27.76,-0.133,21.681,-27.13,13.117,9.625,-21.771,-22.095,7.688,12.573
22.76109,36.267,-172.915,23.306,16.472,24.879,-37.261,-6.616,32.188,-17.274,-17.026,-5.431,15.569
23.06771,39.333,-122.721,49.087,-95.153,21.866,0.025,19.466,2.351,-22.662,20.937,2.468,14.617
23.34222,43.388,-133.717,74.843,-15.191,37.301,-25.815,-11.333,2.611,-25.599,-14.413,14.383,21.682
23.64404,43.765,-112.568,92.488,0.235,33.77,-18.896,-9.091,-1.507,-37.61,-10.793,-6.544,21.604
24.57723,44.161,-164.674,82.969,-0.724,51.585,-13.784,-18.584,10.361,-27.13,-24.351,24.423,15.587
24.81596,43.191,-155.34,69.774,24.037,43.294,-31.917,-18.411,-0.017,-37.762,1.536,-3.749,25.726
25.05882,41.216,-165.338,45.66,-4.782,17.252,-42.61,10.619,0.127,-41.497,-11.015,14.865,29.658
25.16993,41.722,-165.824,52.616,-9.077,13.795,-27.42,4.68,-6.482,-39.349,-14.443,8.379,34.013
25.69438,39.887,-178.133,53.801,-12.09,19.232,-31.662,1.791,4.784,-39.175,-12.349,4.768,36.444
25.8888,39.767,-162.856,31.889,7.087,24.306,-20.304,1.779,-5.586,-33.404,-25.257,3.206,35.742
26.51025,37.418,-198.106,12.786,-19.079,16.907,-36.213,7.4,12.574,-17.712,-2.794,16.44,14.099
27.00853,37.417,-178.567,11.822,-25.579,-8.16,-36.242,25.936,11.981,-10.422,-14.373,2.773,14.046
27.44485,37.434,-199.815,9.788,-46.81,13.108,13.09,17.523,11.328,-20.857,0.131,-4.173,25.438
27.91687,32.14,-137.555,-120.34,-28.356,-19.485,-52.927,-0.106,-32.277,3.314,1.577,-8.733,2.729
28.0142,32.201,-178.391,-2.976,-33.174,-33.041,-27.16,59.307,12.265,-22.233,-10.322,5.913,22.721
28.11052,35.198,-214.843,-2.123,-59.965,25.383,-28.603,8.603,2.478,-4.671,-4.547,1.057,-0.719
28.79764,37.267,-192.065,5.764,-29.755,13.508,-43.466,16.735,5.435,-8.443,-20.605,11.242,6.206
29.86213,39.725,-169.174,6.249,-17.558,2.628,-25.621,27.512,-18.936,-20.988,-14.459,-3.917,7.949
30.13864,36.379,-204.897,-18.81,-22.894,34.473,-27.954,-16.841,22.082,6.398,-0.103,-21.689,-4.243
30.48236,33.04,-167.462,-36.109,-44.717,8.413,-49.278,-18.064,22.076,-5.014,-1.306,6.272,-2.456
30.65043,35.121,-127.649,101.182,-45.369,51.42,-6.033,19.178,5.214,-22.324,-6.602,14.815,17.479
30.82435,35.931,-109.27,-48.736,51.242,-5.91,-33.987,26.457,10.553,-0.299,-30.909,-25.689,11.819
30.97488,34.611,-142.296,20.266,-66.624,8.414,-20.075,43.217,-13.204,-25.1,34.643,2.858,13.383
31.15728,39.347,-179.575,38.566,-33.161,0.699,-34.851,23.93,6.923,-30.274,0.615,20.321,19.411
31.75814,41.508,-134.306,48.787,8.624,12.531,-21.646,27.413,-8.93,-26.586,-23.688,-12.316,21.411
32.35646,37.672,-160.895,33.077,-55.55,16.972,-25.841,8.341,14.961,-24.791,-4.457,16.72,13.329
32.84508,39.167,-194.517,1.067,-17.196,28.181,-10.755,-7.771,7.68,-2.098,5.735,4.016,-10.567
33.13401,38.328,-173.694,18.617,-27.427,12.791,-39.928,-2.521,5.68,-3.377,-7.048,8.063,0.487
33.3142,39.356,-179.536,27.049,-27.38,19.088,-28.255,5.356,-1.504,-9.224,5.395,-6.898,4.087
33.57098,39.794,-185.427,-4.741,-40.952,19.963,-43.281,-6.933,-7.513,3.448,2.869,5.1,-0.356
33.73841,40.523,-168.992,-18.865,-22.179,3.541,-50.186,-0.479,-29.37,-12.011,8.208,-2.627,11.422
34.0732,38.609,-187.869,-3.198,27.948,4.087,-45.861,1.857,20.257,-10.335,-13.778,-20.215,8.054
34.29515,35.192,-171.21,-22.96,-69.599,-17.13,-18.472,28.762,4.173,-21.039,15.678,-1.842,22.166
34.53297,37.799,-150.233,24.59,-49.7,1.767,-18.049,27.529,3.889,-30.609,-11.613,3.369,27.244
34.69764,36.739,-109.097,-64.303,34.069,-16.937,-60.435,-14.89,-20.297,-17.902,-3.517,-17.986,15.635
34.79633,36.222,-180.175,-6.145,-62.222,0.376,1.239,8.865,-2.778,-13.544,3.183,3.9,-7.458
35.13923,39.027,-170.77,-4.832,3.836,16.622,-27.137,-9.95,-7.472,-14.134,-6.067,3.015,-1.484
35.38209,37.095,-182.153,-7.092,-22.938,33.162,-42.03,-30.763,2.804,-9.584,-9.827,4.592,-1.428
35.51524,38.24,-177.977,-2.108,-56.294,28.676,-5.584,-10.035,-0.732,-1.438,10.508,-25.161,-8.053
35.86268,36.367,-200.518,-5.381,-29.43,6.336,-54.669,-21.701,8.41,-21.25,-8.764,2.959,7.213
36.0458,37.77,-200.996,-32.901,2.34,12.998,-22.705,-14.874,28.291,-5.668,-18.103,13.184,-6.176
36.64077,33.539,-107.903,-15.71,30.773,23.526,-53.064,-3.747,-38.677,-7.07,22.12,-12.582,0.457
37.15261,35.982,-150.93,5.703,-103.363,31.927,20.133,14.771,-12.192,-17.881,8.957,-20.35,6.705
37.35519,37.343,-178.191,-23.435,-4.529,19.566,-30.494,-27.582,19.524,-7.495,-9.654,-7.915,4.789
37.55923,35.125,-149.154,-46.883,-59.822,28.509,-35.852,-28.219,30.412,16.168,-8.616,-15.28,7.021
37.72798,35.294,-260.093,-37.15,-37.36,56.679,-12.76,2.645,9.501,4.442,19.729,-21.723,-1.955
38.05152,35.256,-205.377,-25.089,-57.182,19.637,32.594,-9.788,33.868,-8.097,-1.714,-23.064,-1.622
38.39574,38.849,-200.219,-31.379,10.329,27.884,10.999,-9.849,16.234,3.067,-0.441,9.417,-9.85
38.63678,43.319,-99.414,62.682,-21.184,18.643,17.619,24.615,18.85,-16.227,-15.892,20.973,9.291
38.80649,45.045,-108.52,66.186,-7.736,34.488,-37.331,-30.135,0.171,-23.77,-13.287,15.315,19.362
39.05664,44.728,-88.226,92.726,-4.808,37.263,-20.445,-18.823,0.087,-34.528,-8.582,8.31,25.027
39.53732,45.901,-95.097,95.31,-3.021,23.234,-19.277,-7.599,0.057,-44.112,-3.832,5.194,21.003
39.92608,44.89,-139.268,49.175,27.961,31.28,-18.476,-23.123,11.437,-30.129,-13.022,-23.87,21.593
40.17583,45.147,-132.014,92.156,-24.496,36.449,12.011,3.982,9.225,-35.292,-11.959,28.576,13.579
40.50717,44.834,-145.146,38.729,31.912,18.741,-23.859,-20.165,5.111,-44.149,-0.853,-16.42,18.857
40.68036,41.889,-159.33,57.652,-18.26,13.218,-27.947,19.793,12.834,-26.343,-14.803,10.454,21.283
41.13551,42.162,-168.104,52.11,-0.752,21.6,-23.169,3.144,-11.515,-37.647,-14.023,2.693,32.706
41.31959,42.275,-186.493,39.355,-26.042,15.488,-21.929,-4.936,-1.095,-33.554,-19.921,15.478,27.569
41.54168,42.415,-158.835,38.775,-18.284,14.397,-24.778,2.848,7.693,-29.124,-22.66,4.877,20.308
42.66658,40.445,-177.682,45.265,-29.694,8.597,-20.137,14.396,23.796,-28.16,-21.733,22.193,22.972
43.12059,41.762,-166.667,56.189,-3.097,17.91,-27.825,14.908,11.832,-26.067,-10.213,2.794,21.229
43.53769,42.323,-169.006,28.088,-14.205,15.797,-24.227,19.665,-15.212,-31.609,4.674,0.132,23.753
43.67778,42.007,-171.342,36.825,9.784,10.645,-39.094,5.023,1.819,-26.789,-7.523,13.221,12.665
43.93968,41.185,-158.532,44.153,15.471,3.683,-43.447,39.573,16.583,-7.145,-18.047,2.973,8.979
44.08807,40.421,-188.767,41.879,-9.841,15.562,-41.03,8.167,13.321,-27.976,-11.331,13.498,19.476
44.53583,39.941,-163.277,35.764,4.118,14.588,-36.031,18.143,9.141,-27.288,-17.963,13.318,18.91
45.40667,41.672,-189.028,31.749,-9.566,12.972,-27.754,14.555,16.196,-24.519,-8.045,15.293,16.201
45.90499,42.237,-167.569,51.373,-3.928,17.562,-31.89,13.817,11.629,-26.504,-5.599,13.614,17.108
46.49297,35.646,-139.876,-45.451,0.972,34.732,-38.948,-7.58,-22.73,30.897,-3.121,-8.422,-5.611
46.60798,34.581,-237.83,-5.491,-33.053,43.454,-23.616,-11.886,-0.505,-11.141,5.154,5.317,3.68
46.71841,43.615,-131.59,100.942,-61.282,42.179,38.043,11.445,9.546,-20.311,-31.188,32.054,5.274
47.479,46.457,-117.969,85.05,6.31,27.81,-20.737,-8.132,1.117,-36.879,-6.675,2.586,12.734
48.07143,44.133,-106.102,101.326,-9.005,28.871,2.641,5.248,-8.002,-46.44,-8.102,2.425,19.49
48.57642,42.152,-153.34,70.921,-17.41,18.354,-36.512,6.031,17.723,-31.367,-20.606,23.309,24.511
48.8776,42.121,-156.435,69.66,-4.595,21.57,-30.005,2.692,4.536,-41.51,-15.169,7.114,37.245
49.24313,40.706,-165.75,60.443,-2.619,25.033,-28.525,2.864,1.002,-35.741,-14.626,3.17,32.94
50.02612,36.964,-188.767,-13.644,-47.863,11.671,-16.048,-11.392,3.479,-14.847,0.869,7.006,9.62
50.41719,36.499,-194.726,-75.985,-15.898,9.742,-55.075,-2.996,-25.899,-7.488,12.668,0.039,9.724
50.51678,38.416,-183.979,20.638,-43.879,13.293,-9.86,31.708,25.557,-0.972,-26.844,11.74,9.869
50.98005,39.028,-196.7,1.291,-37.408,21.769,20.109,17.457,31.043,-10.776,-6.252,-1.179,16.514
51.50059,37.163,-230.628,-12.331,-33.202,25.518,-4.247,11.899,10.115,-2.629,12.249,17.092,-14.89
52.33968,37.249,-150.689,-24.805,11.228,-0.69,-58.33,22.105,-33.332,-14.445,2.986,-1.86,17.5
52.47474,36.485,-208.952,2.496,-45.402,-3.676,-37.715,37.875,7.197,-11.082,-4.306,1.99,10.871
52.64671,38.433,-198.564,24.322,-44.111,-5.428,-38.302,34.439,18.234,-9.172,-14.257,14.359,9.949
53.03592,41.808,-159.903,40.694,-32.583,-11.638,-39.995,42.235,13.014,-17.227,-3.855,8.182,13.543
53.33043,43.138,-142.648,9.303,3.454,-7.324,-42.52,35.469,-14.528,-25.302,0.658,-6.874,8.459
53.62023,39.691,-170.62,-18.053,-6.898,-6.317,-6.349,12.652,7.233,-3.258,-14.144,-33.488,4.528
53.91592,36.976,-154.589,26.22,-9.605,29.598,-21.396,-25.256,3.321,-2.087,-14.895,5.595,-10.862
54.13283,37.631,-110.302,85.408,-54.322,58.202,2.94,10.897,3.055,-4.251,0.508,2.429,16.578
54.42186,42.07,-133.461,67.071,-36.077,20.705,3.916,38.387,15.365,-21.581,4.001,14.976,10.241
54.66054,44.981,-151.705,53.054,-5.536,6.824,-36.341,12.44,-1.47,-33.358,-2.515,11.285,17.413
54.92621,45.857,-151.441,61.715,-10.119,11.17,-41.749,6.695,14.976,-29.333,-13.948,6.484,15.339
55.27655,45.39,-135.991,44.515,9.883,0.171,-23.984,22.378,2.735,-34.631,-7.428,-13.496,23.166
55.85619,38.081,-158.357,39.007,-88.537,12.186,-1.378,14.536,25.02,-20.092,-8.33,8.82,17.863
56.31959,40.693,-173.784,6.363,-6.817,0.032,-6.879,5.572,6.494,-14.109,-12.166,14.829,-12.46
56.76009,40.979,-166.755,29.025,-37.416,0.696,-19.543,14.081,-3.62,-17.318,-4.105,-15.045,-0.002
57.02236,41.176,-190.512,10.89,-23.611,1.56,-32.763,3.095,1.433,-16.782,-5.687,-4.455,6.978
57.2122,40.773,-170.726,-22.25,-20.581,16.574,-25.946,-2.955,-21.705,3.473,-19.622,-1.281,-1.106
57.59732,37.761,-182.992,-28.004,24.678,-3.414,-33.423,-2.24,19.043,-14.016,-9.259,-19.897,11.344
57.79497,33.557,-142.705,17.045,-8.608,-7.773,-27.585,32.904,23.709,-22.39,2.213,0.334,14.407
58.20653,38.59,-99.629,-6.147,-36.368,-3.775,-0.237,16.707,-19.395,-35.423,37.736,-14.221,8.747
58.42141,38.62,-156.503,9.295,-24.088,-0.591,-34.107,3.326,-4.76,-9.071,-2.036,1.839,4.552
58.82884,38.097,-158.483,24.23,-24.153,-2.92,-33.463,-2.032,7.176,-20.054,-11.998,-2.716,-1.242
58.99016,40.409,-169.319,9.015,-59.05,26.405,-14.391,-4.077,3.209,-9.657,3.051,-11.044,-0.043
59.2732,39.317,-198.733,13.254,-50.539,5.204,-20.798,-13.367,11.887,-18.661,-13.143,10.342,-2.302
59.51247,39.936,-209.793,-26.564,-6.756,-3.504,-31.614,-19.122,9.491,-18.63,-14.927,-16.441,-5.271
59.74617,37.532,-189.664,-11.13,-1.719,13.234,-16.142,-9.756,26.558,-8.831,-12.333,8.468,-7.313
60.1459,34.685,-117.712,-16.451,16.371,3.09,-57.357,22.295,-28.547,-16.714,3.068,-5.737,-9.769
60.54426,31.713,-143.814,46.784,-28.284,-0.795,-27.256,21.623,15.443,-16.019,-14.408,2.219,-6.323
60.66857,39.966,-152.732,-4.063,15.935,10.001,25.895,19.301,9.069,-13.235,-7.462,9.574,-7.975
61.06095,37.466,-164.915,-1.086,-57.919,5.936,-38.361,6.047,-18.348,-19.328,-13.515,-27.211,6.495
61.41034,37.594,-193.998,-13.36,-13.746,8.524,20.254,-12.17,13.087,-13.78,-18.615,-8.149,-7.332
61.64,34.702,-222.531,-37.978,-79.834,44.524,-6.208,5.832,-14.363,0.686,27.823,-26.582,-2.164
61.95755,33.563,-138.54,-41.624,-65.112,11.691,-31.298,-2.824,4.332,-6.651,-0.876,4.975,-0.489
62.02807,33.721,-154.642,-97.683,-19.266,2.219,-29.991,-3.441,-0.353,-3.222,-6.117,-37.026,4.683
62.24304,29.27,-190.232,-61.718,-78.789,0.621,-31.395,17.73,13.591,9.956,6.846,-3.914,-6.25
62.50349,32.621,-141.542,-23.008,-68.834,-6.251,-16.329,24.059,-2.997,1.321,-9.543,-18.022,-12.579
62.82417,33.309,-83.103,-19.704,-103.454,-14.472,-14.39,10.072,-11.111,-14.63,22.912,-15.466,-7.383
63.0473,34.493,-139.315,-123.533,-13.71,-19.073,-67.522,-14.345,-36.566,-6.558,13.454,-14.026,-6.199
63.18458,30.793,-143.844,-76.279,-33.853,-18.571,-37.444,-4.0,10.387,-1.016,-12.999,-2.574,-6.065
63.55932,34.385,-101.282,-30.624,-86.684,-22.047,14.502,6.999,-10.534,-8.731,-7.95,-33.893,-4.226
64.00349,31.944,-89.414,-101.909,3.117,-24.349,-39.049,-11.455,-23.018,-8.837,12.014,1.376,-0.603
64.48943,34.324,-117.24,-9.363,-161.239,-11.14,5.198,23.444,-8.372,-7.13,1.203,-27.374,-7.383
64.83655,40.098,-118.801,-39.206,-18.948,-13.516,4.271,7.455,27.15,-20.162,4.477,-3.269,5.512
65.08063,45.232,-113.342,-10.372,-23.729,30.643,89.98,11.82,-4.624,-22.879,10.242,-1.741,0.255
65.33483,39.415,-167.417,-60.519,49.504,7.274,-8.957,-37.868,34.901,-11.828,-7.324,-25.686,-9.574
65.83515,35.986,-116.92,-55.527,-46.981,-16.285,-7.499,-0.42,25.451,-12.566,2.326,-3.184,6.593
66.08671,30.958,-141.346,-71.648,-32.169,-16.292,-30.204,9.786,9.68,-1.633,-0.69,-10.934,-7.401
66.4834,34.119,-141.487,-25.508,-38.3,-3.724,2.596,26.317,31.208,-4.325,14.406,-7.502,-4.741
66.78277,36.063,-123.157,-42.137,-13.922,11.656,-5.185,-14.512,-1.487,-21.459,-8.288,10.949,3.601
66.90839,33.779,-109.467,-85.374,-14.504,0.209,-19.593,-21.888,16.504,6.618,-33.075,-32.367,2.024
67.05274,30.438,-149.883,-50.685,-47.346,0.565,-24.481,16.303,8.87,-2.393,2.462,-11.391,-7.791
67.49361,34.654,-122.735,-36.721,-12.426,-9.388,17.49,11.142,32.508,-3.742,1.121,-21.207,-14.562
67.88975,31.581,-83.699,-104.512,42.769,-3.671,-20.243,-3.202,-14.779,-9.3,17.992,-23.285,-1.234
68.1024,25.809,-91.725,-62.102,-59.403,-26.704,-32.871,20.94,10.058,-2.959,-4.798,-1.99,5.546
68.41061,29.689,-86.114,-26.126,-94.963,-5.699,-4.169,37.692,-11.323,-1.85,-2.146,-8.016,3.803
68.71211,36.982,-125.046,-40.083,-58.709,-19.382,15.784,8.48,26.87,-22.305,6.188,-9.002,9.238
68.95819,42.363,-153.602,-20.795,-11.191,23.901,25.903,-4.13,-5.815,-17.374,7.481,-12.446,-6.753
69.19057,44.145,-135.28,-6.064,32.175,5.41,26.112,3.392,-6.705,-21.877,-4.705,-22.473,-1.744
69.45964,36.243,-173.086,-55.606,-37.561,7.384,-38.841,0.814,-6.76,0.258,-0.031,-4.77,4.204
69.67619,38.517,-146.77,-24.523,-31.582,-23.74,-5.806,14.504,23.436,-26.323,-4.652,-4.799,9.288
69.94331,34.636,-145.285,-36.384,-4.655,-27.973,-28.066,19.829,16.102,-5.393,-10.593,-9.131,-14.572
70.30404,30.816,-134.826,-33.452,-31.287,-11.549,-60.261,25.023,16.392,-2.512,-6.712,3.57,6.718
70.36549,36.009,-112.702,-12.779,-5.899,-14.008,-8.989,30.738,5.421,-13.094,15.089,-8.239,-6.802
70.82549,39.69,-105.818,-28.002,-11.73,-24.292,-7.664,28.274,2.178,-20.779,17.605,-13.965,-0.49
71.10998,38.279,-132.363,-5.025,-62.985,-28.424,9.516,24.855,26.953,-21.35,-11.365,-4.664,5.638
71.34844,40.752,-154.008,1.369,-21.116,23.048,13.66,21.519,1.239,-13.12,0.465,-15.792,2.728
71.58118,38.689,-153.983,-19.963,-2.369,-2.894,-0.497,-8.935,16.415,-24.042,-12.681,-9.897,7.341
71.81937,39.046,-108.972,-16.549,27.58,4.989,14.096,-10.845,-12.112,-21.404,16.278,1.464,-19.302
72.28925,34.32,-163.999,23.403,-15.937,45.339,-33.989,22.296,-3.251,11.11,-6.798,-5.902,-9.132
72.45959,34.989,-160.542,43.051,-19.91,51.463,-33.848,12.815,14.452,8.474,-7.079,-7.218,-16.936
72.74862,36.556,-110.426,6.288,17.25,40.618,-29.346,21.68,-32.087,8.572,6.259,8.544,-3.224
73.09048,35.145,-119.043,-6.775,-27.41,47.054,-32.798,21.372,-12.465,3.345,-27.683,7.353,14.843
73.20209,39.467,-128.296,25.369,43.01,20.556,-14.802,-8.726,-9.103,-16.858,-12.484,-6.21,-6.71
73.40245,36.167,-191.951,-11.791,-44.097,11.029,-31.856,-5.076,7.984,-21.564,-21.827,9.634,19.024
73.61932,38.628,-119.936,4.117,14.841,18.632,-13.27,-5.908,7.045,-9.57,-12.207,-13.09,3.725
73.88721,35.892,-206.387,-52.361,-58.01,23.31,-19.861,-4.505,-7.878,-6.169,-11.234,14.3,14.225
74.20054,37.886,-196.409,-12.501,-60.91,2.945,-32.375,-7.633,15.526,-15.875,-20.456,15.009,6.292
74.71678,39.634,-159.786,-46.564,-2.953,7.351,-45.623,-10.386,-27.78,-33.825,-7.07,0.878,8.109
74.87968,36.553,-202.411,-26.424,-30.687,1.602,-32.43,-10.148,-4.293,-21.832,-12.492,-5.265,13.006
75.16812,34.383,-177.805,-25.479,4.888,-0.552,-47.594,-5.981,34.624,-19.191,-14.737,7.58,12.908
75.56395,30.695,-47.982,16.774,-11.025,25.045,-38.221,24.613,17.319,-5.985,-19.378,-5.852,20.393
75.69474,30.12,-43.665,-93.71,29.75,-39.376,-54.721,-1.543,-20.873,-25.447,16.243,-22.066,11.491
75.90553,31.131,-121.418,2.056,-142.403,9.777,11.921,41.054,-40.534,-4.826,4.498,-3.272,-0.082
76.2366,36.354,-163.023,25.54,-62.919,54.818,14.969,-5.668,16.046,-14.884,-32.889,-6.587,18.58
76.45247,40.94,-122.077,55.68,-7.488,30.888,3.082,-4.443,11.014,-11.219,-8.985,16.234,-4.637
76.66612,45.827,-95.291,47.294,-31.706,12.079,32.153,35.533,10.315,-20.138,-1.309,-4.2,17.214
76.93442,47.093,-98.435,72.19,30.69,23.532,-0.947,21.277,-5.423,-9.291,-3.722,0.778,1.559
77.16558,43.294,-151.567,-12.881,25.021,-1.308,-12.494,-13.116,3.882,-14.29,-16.324,-18.478,-3.398
77.33361,39.201,-139.46,-7.34,-33.971,10.863,-16.554,15.891,13.243,-5.722,-21.835,11.08,9.871
77.42168,40.636,-131.952,-30.005,13.98,17.343,-3.548,2.736,17.83,-9.36,-17.739,-30.468,3.107
77.5834,34.875,-143.743,-61.173,-37.074,-2.196,-26.067,5.816,-13.753,-3.335,-12.214,-17.901,7.563
78.01991,36.454,-132.247,6.062,-59.626,0.588,18.694,13.54,5.528,-12.696,2.58,-26.285,-4.547
78.31542,35.622,-105.802,-5.947,-58.396,22.927,-32.347,16.897,-44.008,-12.911,25.664,-1.153,11.34
78.60413,36.973,-112.47,-39.076,-12.983,-1.841,-64.884,19.564,-30.634,-0.21,-0.901,-0.276,6.531
78.68154,38.077,-148.599,-4.809,-2.666,-16.416,-24.495,20.865,-2.191,-9.328,-13.104,-5.04,-5.757
79.15238,39.114,-135.972,-18.587,28.773,-9.419,-2.338,20.196,19.655,-10.822,-11.497,-6.08,0.581
79.57347,34.376,-110.196,-54.461,31.491,-3.78,-48.519,31.566,-37.341,-13.912,-8.355,-3.171,14.645
79.76717,30.21,-100.355,12.325,-17.217,3.486,-37.349,48.839,17.729,-4.766,-25.658,-12.075,0.797
80.00032,33.686,-131.312,55.026,-138.3,11.113,-10.995,53.274,14.817,-6.862,5.07,-10.699,1.004
80.32231,47.645,-132.783,17.218,27.587,29.507,33.9,-22.817,-5.407,-25.876,-19.089,-2.134,-6.402
80.57274,40.818,-124.352,14.166,30.087,-17.616,-23.87,4.786,5.228,-26.679,-16.425,-26.215,-1.99
80.79456,40.68,-132.208,-21.976,49.803,-6.206,41.927,-9.326,10.091,-25.424,-17.726,-8.551,-3.68
81.13206,34.041,-156.158,-11.534,-43.605,-13.659,-37.897,2.9,3.06,-14.563,-13.255,9.157,-4.343
81.28807,38.868,-165.903,-54.852,46.386,33.961,15.816,-5.62,8.815,8.457,-31.113,-20.108,-8.661
82.01828,35.026,-124.251,-3.481,-16.29,4.518,3.877,19.695,24.227,-14.899,5.858,-13.297,-1.635
82.41483,34.654,-112.452,-69.165,-60.224,-14.393,-27.631,18.797,8.64,-4.754,-1.436,-23.946,18.367
82.56943,34.493,-154.659,-31.646,-19.148,-7.456,-25.349,22.619,12.396,-5.95,4.002,-0.816,-2.664
83.03565,34.74,-125.35,-19.722,-22.632,1.206,-11.701,9.259,12.849,-19.979,17.962,-27.495,13.432
83.44757,31.583,-88.468,-74.265,23.714,-24.015,-53.582,28.259,-30.072,-10.746,7.695,-21.7,9.463
83.58685,27.576,-114.985,-27.728,-26.2,-3.34,-30.523,58.51,21.365,-4.339,-29.146,-7.812,0.669
83.9146,29.962,-98.276,2.083,-66.076,0.655,-23.968,42.19,6.186,-6.522,-9.881,-5.934,0.635
84.17283,38.696,-114.642,24.137,-124.861,21.139,16.925,17.97,-25.247,-23.32,11.972,-30.063,10.406
84.47537,42.006,-120.833,-24.999,-8.917,18.614,-19.242,-12.197,-14.559,-19.81,-7.607,-24.277,8.97
84.69941,41.725,-155.163,-38.91,51.192,16.731,38.366,-29.234,6.282,-14.764,-14.917,-35.774,-7.958
85.04916,32.442,-164.005,-40.371,-71.54,16.737,6.445,-6.082,10.927,2.647,-2.633,-55.651,4.704
85.8317,31.306,-133.03,-38.829,-46.417,27.034,-53.762,3.887,23.628,14.154,-7.897,9.629,2.469
85.90204,37.903,-123.364,3.915,3.368,12.943,23.296,24.138,8.195,-2.843,1.944,-10.233,-6.182
86.3395,39.275,-99.65,4.592,-51.181,1.267,-6.436,32.575,-19.009,-0.433,1.323,8.406,-2.528
86.69605,45.357,-136.778,0.45,7.742,17.445,2.643,-6.57,6.382,-25.106,-3.575,-21.153,-6.792
86.9239,41.502,-124.192,5.094,18.61,9.712,-3.738,20.998,-4.921,-8.704,-22.853,4.002,-3.204
87.13324,40.435,-144.7,-12.792,-8.871,2.976,8.498,-6.33,37.06,-15.192,-11.818,-11.912,10.126
87.43995,36.412,-156.46,-8.034,81.132,16.787,-41.556,-6.7,0.328,-6.695,-13.668,18.152,-1.075
88.10095,35.217,-134.159,42.82,-61.578,26.259,-31.528,-21.644,1.06,-34.674,-14.023,28.73,8.878
88.28698,41.297,-92.995,64.989,-41.216,10.862,-12.408,-10.001,6.153,-38.362,-18.997,1.29,12.558
88.79374,42.41,-83.586,37.248,26.416,7.352,18.703,-10.163,-15.929,-34.083,-27.129,-9.151,14.224
88.97274,38.326,-121.825,5.29,-17.221,23.393,-25.455,-15.084,-6.94,-9.412,-28.278,8.729,0.283
89.21107,42.451,-97.381,26.659,10.558,-6.648,-4.371,-2.851,-1.177,-29.004,-15.259,-12.61,13.32
89.44912,40.219,-151.672,-1.965,-42.565,-1.972,-19.399,-10.975,3.119,-14.835,-6.484,5.904,-3.7
89.87288,39.545,-161.672,-5.895,4.987,4.689,-27.97,-11.594,-1.689,-25.75,-5.24,-20.27,8.16
90.16277,39.677,-134.695,-23.049,-17.322,13.293,42.334,-6.962,-10.67,-21.262,3.862,-58.772,5.411
90.57116,36.057,-136.364,9.448,-89.444,9.728,7.6,15.231,-20.006,-17.464,4.542,-40.164,4.709
90.86454,36.539,-155.91,-35.887,0.46,4.744,26.19,-18.655,22.732,-17.149,-11.154,-28.253,-4.423
91.23138,30.245,-101.46,-79.751,-12.238,-1.063,-19.154,-4.985,3.454,1.099,-8.605,-23.037,1.508
91.53288,37.942,-60.204,38.481,-151.525,22.155,52.408,40.579,-36.479,-19.267,9.082,-8.237,3.893
91.67215,44.335,-123.969,24.064,37.671,10.952,-7.885,-30.734,0.28,-29.905,-13.914,-27.926,-9.851
91.83977,42.229,-153.004,-28.847,-8.293,51.442,6.928,-24.09,-13.506,1.527,-9.968,-9.8,-2.213
92.08281,42.819,-95.317,10.686,39.704,13.063,-18.392,16.114,-2.435,-13.181,-9.712,-6.973,-5.968
92.33224,42.45,-149.169,-9.32,42.288,7.834,10.241,-20.629,-9.946,-19.715,-15.863,-27.641,-7.809
92.56812,39.731,-156.774,-33.998,50.586,4.444,24.378,-17.839,-1.8,-15.602,-19.485,-8.696,-6.581
92.81043,33.557,-176.993,-47.128,-42.189,22.757,-8.418,-24.498,5.417,-24.481,22.4,-18.986,16.785
93.08884,34.51,-168.809,12.063,-21.286,37.77,-27.464,-29.527,15.325,-7.487,5.285,3.944,0.77
93.23315,40.487,-132.177,40.495,-0.526,14.629,24.675,27.161,9.821,-19.739,-11.997,13.753,2.346
93.37914,39.26,-185.526,25.719,28.592,34.779,-26.615,-29.75,-2.569,-23.166,-23.875,2.929,7.623
93.72132,35.97,-183.747,50.555,-20.476,37.486,-22.788,-33.953,12.739,-21.445,-20.638,17.136,0.827
93.8493,38.276,-136.949,83.367,-44.463,36.568,-14.871,-24.068,15.807,-33.106,-4.186,16.588,10.332
94.01705,42.169,-105.529,66.187,-8.406,37.36,-21.172,-40.385,5.032,-26.718,-14.942,11.055,15.544
94.22653,42.684,-108.489,48.141,-24.235,21.977,-31.35,-17.366,7.536,-22.234,8.085,3.605,1.38
94.49946,42.654,-114.072,70.609,6.088,30.649,-12.621,-22.679,-28.481,-41.574,-8.77,-24.522,8.69
94.84254,43.196,-89.003,135.395,-5.673,45.478,-26.078,4.064,18.573,-33.085,-20.905,26.455,13.247
95.10213,44.795,-119.606,57.651,45.503,24.926,-14.891,-18.507,0.222,-51.68,3.427,-24.653,26.572
95.29955,40.168,-176.235,28.861,-45.658,8.195,-22.599,0.664,6.655,-30.473,-13.629,11.543,19.25
95.50299,40.882,-155.584,38.619,-2.924,4.719,-26.091,-6.909,-2.706,-39.423,-10.161,2.688,23.456
95.93977,40.475,-189.546,29.685,-18.044,12.78,-35.055,-15.932,21.599,-33.585,-18.787,13.187,27.374
96.15438,40.366,-161.974,5.295,-19.614,20.023,-11.107,-3.271,-5.586,-27.312,-24.666,8.433,27.104
96.36948,39.169,-182.981,20.597,-23.439,4.072,-31.992,-5.848,12.609,-38.387,-2.527,14.325,18.979
96.59955,37.41,-202.008,-8.787,15.127,21.561,-24.118,-26.455,2.645,-34.517,-11.725,-20.62,26.889
96.8034,36.602,-184.458,18.43,-54.337,18.502,-9.509,-21.933,25.036,-29.578,-18.006,15.619,14.027
97.26304,41.193,-177.314,34.808,6.927,31.114,-16.622,16.474,20.071,-7.163,-20.64,18.218,4.203
97.68639,39.902,-159.281,55.447,-20.265,21.313,-21.746,7.667,9.132,-29.1,1.195,7.796,25.097
98.19714,41.878,-130.472,22.978,-2.835,23.65,-26.76,10.929,-35.409,-31.162,7.097,3.593,31.886
98.60254,41.46,-173.031,21.994,-2.213,17.435,-41.53,-0.882,7.472,-15.759,-14.364,9.145,17.252
99.17764,39.622,-162.367,37.771,-19.122,11.106,-31.879,7.835,13.9,-26.521,-9.312,6.403,22.143
99.75206,40.205,-176.157,23.73,-13.703,7.809,-22.236,-2.529,26.416,-21.596,-14.94,21.989,14.092
100.17687,40.13,-146.953,49.42,-36.116,11.258,-23.106,13.922,-10.08,-31.556,-2.293,8.089,28.776
100.5771,42.413,-169.77,39.07,-24.18,16.861,-24.249,5.36,5.135,-23.539,-19.143,4.766,18.266
100.96739,41.067,-131.964,55.195,7.817,24.137,-15.65,12.997,18.879,-14.663,-24.955,-4.772,18.762
101.21079,40.009,-137.317,38.373,-24.631,37.446,7.491,12.199,-19.308,-8.008,-8.14,-18.376,18.806
101.42522,36.711,-273.775,14.481,-32.274,58.536,-31.577,-31.457,-0.341,-6.026,-10.75,6.901,5.397
101.53048,39.442,-170.266,67.724,-27.288,36.325,-11.422,-5.81,-14.572,-22.366,-30.986,8.068,14.25
101.83197,40.926,-172.957,68.125,-6.66,47.577,-23.959,-22.45,4.571,-33.906,6.08,16.832,23.834
102.02943,42.483,-149.19,75.982,-19.544,54.089,-15.535,-23.472,15.307,-27.071,-1.927,13.843,28.213
102.2259,44.161,-141.931,30.078,-11.741,15.566,-34.671,-4.897,12.582,-19.774,10.574,6.812,15.775
102.35365,44.803,-120.193,48.21,-12.926,33.346,-32.914,-34.563,20.198,-13.546,-8.573,17.951,9.087
102.50431,44.106,-107.234,64.293,1.493,40.598,-26.527,-38.08,0.555,-30.552,-2.056,4.961,17.253
102.81143,42.584,-159.804,60.694,-58.056,55.373,11.202,-18.392,13.416,-34.956,-18.845,-0.72,16.062
103.3644,40.964,-166.114,35.294,-16.536,15.249,-27.829,5.926,-7.92,-28.504,-15.805,-3.277,31.472
104.16544,37.843,-150.734,13.807,15.383,24.808,-12.739,-1.882,-3.762,-35.779,-21.893,-1.101,37.053
104.76921,37.385,-172.307,29.778,-22.855,31.985,4.498,-3.127,1.821,-20.646,3.87,21.869,10.762
104.91946,38.713,-176.837,27.02,-17.432,21.472,-30.611,11.701,1.644,-6.757,-7.476,-2.34,8.538
105.1761,38.608,-160.928,-55.874,-26.435,13.292,-64.182,-6.717,-31.342,-1.217,8.94,4.265,16.361
105.2605,39.801,-159.667,5.667,-35.421,-15.69,-33.144,30.36,12.998,-5.637,-6.776,9.41,4.817
105.44658,40.453,-140.448,53.948,-11.086,14.243,-22.561,17.73,8.012,-18.283,-11.4,-4.309,9.825
105.75488,39.618,-191.68,16.183,-58.705,14.515,4.486,12.558,37.974,-19.864,-9.44,-4.913,23.27
106.28299,35.496,-208.072,-10.727,-51.076,-2.63,-16.09,21.8,12.851,-10.851,1.242,16.9,-1.444
107.16204,40.352,-130.356,-0.256,-12.597,-9.994,-56.846,31.879,-23.961,-35.48,1.467,6.605,21.387
107.39646,41.361,-171.604,30.687,-34.708,-8.585,-35.617,14.493,11.269,-30.505,-15.9,5.545,20.683
108.43714,38.474,-206.648,-14.889,-11.755,25.322,-22.988,-10.421,5.791,9.955,-6.992,-3.863,-11.832
108.71116,39.102,-180.342,15.206,1.461,14.826,-10.034,2.522,22.438,-12.95,-18.913,5.376,3.079
108.93637,37.64,-103.319,109.372,-21.427,47.739,-8.778,7.692,7.887,-17.373,-9.945,24.161,17.18
109.05755,39.505,-95.509,30.509,7.484,17.277,-18.679,16.233,34.796,-20.367,-7.084,-35.663,26.27
109.21383,39.344,-142.518,56.347,-58.272,7.705,-1.773,32.7,11.394,-32.028,9.169,7.536,19.691
109.40535,42.841,-171.8,48.995,-12.59,15.959,-24.737,11.721,-5.15,-34.417,-0.833,-1.263,27.353
109.66259,42.914,-179.349,53.497,-20.81,21.885,-29.85,-1.287,15.11,-33.494,-12.549,12.527,21.688
110.2137,43.31,-175.168,37.857,-4.391,8.404,-31.092,6.437,16.621,-28.961,-18.69,-2.924,22.387
110.64762,39.337,-152.018,26.698,-40.212,0.581,-14.125,10.162,10.135,-20.131,-19.816,21.24,19.428
110.81161,40.801,-128.935,27.662,-11.402,-8.106,-25.662,5.705,9.392,-31.538,-14.264,-7.174,24.485
111.09592,41.789,-144.013,-21.999,11.61,-6.148,-8.577,0.289,-21.144,-28.749,-7.049,-5.003,-1.58
111.26023,39.03,-173.386,19.084,-33.302,9.72,-37.823,19.969,5.688,-5.821,-5.837,6.38,0.93
111.41406,40.241,-155.3,48.896,-16.309,12.006,-52.978,15.511,9.656,-13.723,-8.156,4.135,1.265
111.6132,40.965,-169.456,31.106,-16.579,4.355,-41.487,12.669,-4.583,-20.11,-3.572,-0.394,8.371
111.86104,41.097,-183.116,20.294,-19.021,16.077,-37.531,3.174,14.372,3.104,-10.192,-3.906,-2.531
112.06363,40.886,-174.067,-20.111,-4.594,6.423,-23.83,8.48,-18.429,-14.471,-5.36,2.514,5.889
112.36544,39.475,-150.324,-26.417,20.71,-9.046,-8.916,-6.812,2.905,-22.419,-9.646,-23.926,5.603
112.60249,36.011,-164.328,-33.347,-45.874,-25.049,-12.935,23.56,6.3,-26.207,-1.138,6.835,14.497
112.83565,37.267,-164.274,3.712,-37.026,-8.837,-24.146,-0.342,11.739,-34.005,-14.239,1.285,17.389
113.03406,38.152,-133.407,-15.21,-35.618,1.263,-37.548,4.824,-44.647,-25.977,32.51,-12.64,19.187
113.45819,37.009,-159.882,26.669,-10.81,16.558,-50.347,12.767,2.928,-11.073,-7.737,-1.967,2.551
113.81923,37.408,-170.587,-3.919,-39.451,16.779,-42.361,3.243,10.635,-10.208,-1.109,-2.305,8.464
113.98717,38.759,-162.216,-22.42,-10.216,10.129,-34.49,14.478,-26.525,-16.203,-0.293,2.326,13.182
114.302,37.85,-216.637,-16.611,-36.148,-1.836,-20.599,-3.232,18.526,-17.873,-10.376,-12.459,7.72
114.53188,36.389,-164.794,-4.784,-20.145,12.662,-9.92,-6.165,26.292,-13.536,-5.804,-18.997,5.054
114.93347,33.047,-99.895,-16.037,18.106,15.101,-19.41,30.725,-27.782,-1.254,-10.236,-4.216,8.756
115.5,33.213,-130.938,21.073,-70.414,20.463,-26.435,29.893,-35.228,-22.183,12.663,-1.267,6.653
115.73846,36.558,-177.162,-7.601,-9.449,23.231,-47.421,-2.528,20.842,-6.347,-8.426,3.92,-3.2
115.9078,35.057,-146.136,-56.308,-12.036,-3.613,-22.528,19.337,-4.319,1.251,-30.549,-19.731,5.685
116.0429,33.914,-224.536,-36.587,-61.927,25.436,-10.65,3.447,12.663,-6.952,9.682,-23.674,3.061
116.29252,33.036,-161.823,-45.034,8.725,4.175,-20.965,-6.298,40.489,9.029,-8.765,3.107,-6.701
116.93628,29.456,-130.547,-122.816,-12.432,3.661,-47.241,-22.719,-3.601,5.528,10.785,-15.352,5.17
117.30812,22.763,-134.36,-115.734,-78.774,3.52,-62.432,-19.268,4.179,9.686,3.321,-0.838,-1.418
117.37728,22.814,-144.945,-139.49,-56.897,7.046,-67.239,-10.658,-1.889,-3.825,17.707,-1.919,-9.243
117.60472,23.168,-121.267,-121.492,-59.974,-8.734,-55.515,-9.731,16.529,12.043,-2.464,-22.18,0.691
117.80091,23.108,-142.536,-153.778,33.324,9.621,-23.025,-3.666,38.553,4.287,11.902,-20.085,5.904
118.66426,13.447,-83.869,-138.773,-82.764,22.896,-51.924,6.234,14.098,-15.653,1.132,-11.036,-10.574
118.96463,17.008,-106.263,-115.86,-61.975,20.578,-18.672,10.444,3.405,-4.783,19.714,-46.732,-5.49
119.43746,17.228,-60.146,-97.164,-51.574,29.901,45.67,25.853,-23.038,-34.913,44.967,-56.254,-8.041
119.92952,18.223,-151.528,-138.838,-79.007,17.6,-52.201,8.466,10.066,-21.032,18.414,1.506,-20.464
120.14245,22.798,-176.512,-144.143,-28.767,5.6,-50.856,2.854,10.396,-13.02,25.268,-11.472,-3.059
120.31991,22.673,-177.467,-137.095,-56.984,4.386,-41.901,-2.483,17.945,-4.696,2.185,-32.433,-2.438
120.55397,20.399,-148.334,-126.878,-59.874,9.872,-10.909,2.879,6.796,-16.804,3.745,-30.996,-5.931
120.75914,20.894,-154.561,-107.409,-88.254,19.53,-2.157,17.771,5.474,-16.948,7.959,-44.652,-2.435
120.98712,19.935,-154.481,-137.149,-63.574,18.398,-26.269,8.426,8.363,-13.127,-0.577,-22.14,-1.841
121.21224,18.949,-152.588,-142.199,-92.317,14.336,-41.417,2.344,-5.186,-0.411,9.153,-13.705,-10.795
121.43746,23.387,-133.271,-94.362,-121.251,-1.363,4.479,14.728,-1.224,-10.427,-7.991,-39.112,-10.23
121.79351,28.999,-187.101,-71.498,-61.919,6.174,-22.927,-23.354,13.489,-10.942,-0.295,5.037,-6.095
121.96703,29.499,-165.756,-52.338,-55.945,27.802,-41.328,-24.623,11.144,-7.007,-9.699,9.848,13.248
122.06195,31.084,-147.6,-59.728,-41.643,54.714,-31.312,-30.664,8.266,-0.893,-6.303,-5.507,5.404
122.39156,29.073,-156.507,-66.437,-61.283,44.342,-39.013,-4.416,-0.716,11.428,1.744,0.308,-2.125
122.49011,30.055,-177.173,-60.459,-39.222,49.671,-46.689,-14.424,-12.252,-8.364,6.542,-5.244,7.331
123.28145,28.426,-179.256,-67.256,-46.589,7.363,-31.419,-14.744,18.88,-19.665,10.72,3.103,1.608
123.68499,28.575,-166.969,-69.752,-22.694,25.587,-24.426,-15.508,-20.574,-26.411,41.82,-25.723,13.866
124.15751,30.182,-147.502,-57.139,-76.757,-13.098,-2.271,25.537,-14.365,-23.981,48.253,-16.287,2.927
124.31619,30.808,-147.691,-86.523,-72.816,-15.38,-28.376,6.43,19.481,-7.41,-15.517,-0.446,-8.561
124.40399,36.565,-215.038,-61.313,-37.514,22.278,49.867,-0.463,9.458,-4.445,-1.039,-51.802,-6.912
124.70367,31.689,-167.869,-67.843,-4.3,-12.971,-21.285,1.622,14.173,-6.669,-13.177,-10.748,-6.208
124.87143,27.953,-209.824,-123.361,-53.45,0.304,-60.93,0.068,2.924,7.107,15.586,-9.484,-1.509
125.06249,27.071,-162.385,-97.796,-67.699,-8.4,-55.836,-5.861,10.633,5.511,-15.699,6.019,-5.478
125.14,31.726,-172.864,-21.389,-108.341,-10.274,-14.472,12.341,3.384,-22.671,-4.741,4.695,-7.975
125.38689,33.603,-203.115,-80.881,42.908,-1.276,-33.861,-14.161,14.645,-5.414,-12.73,-16.416,-7.75
125.80413,29.754,-221.167,-39.505,-34.498,13.927,-31.625,-1.02,11.001,-19.027,-10.716,11.578,4.085
126.04735,33.24,-155.673,-21.188,-36.585,18.302,23.669,24.143,-8.183,-8.599,9.82,-28.675,-8.263
126.45701,35.51,-178.349,-17.424,-39.526,34.107,29.077,6.211,-21.658,-17.036,-10.653,-43.435,7.407
126.95542,35.099,-175.826,-16.535,-10.346,5.873,6.572,24.372,-0.091,-13.802,8.196,-16.785,0.816
127.18163,37.17,-190.502,-15.404,-46.271,9.739,23.265,11.598,8.769,-12.244,-13.696,-18.164,3.589
127.46812,40.204,-151.686,-24.055,41.171,2.288,-19.101,14.398,9.169,-14.858,-13.95,3.471,5.162
127.69751,38.407,-208.985,-33.892,-39.809,22.579,1.069,8.208,4.988,-4.136,-13.85,-20.164,0.996
127.89669,39.091,-143.342,11.326,11.703,-11.869,-14.827,29.46,11.388,-8.993,-19.072,-25.919,-9.18
128.13746,36.839,-199.109,-38.499,-35.484,4.49,10.706,17.035,-1.535,-16.303,-3.262,-38.226,3.739
128.57746,33.991,-233.285,-26.562,-31.067,5.652,-42.216,6.284,6.758,-8.971,-11.306,-3.823,8.933
128.88313,34.631,-168.43,-18.214,20.798,-11.346,-14.629,26.807,9.46,-4.933,-6.306,-1.973,-9.638
129.34236,38.767,-170.636,-13.297,13.843,7.545,37.976,0.992,2.29,-15.858,-3.924,6.134,-8.333
129.63256,33.851,-172.411,-8.235,-26.28,-12.035,-12.726,21.337,48.022,-16.97,-16.335,14.956,12.201
129.8293,37.872,-169.826,-0.384,21.483,4.119,-8.849,14.665,3.215,-22.339,-3.452,10.686,5.424
130.01546,36.267,-173.267,-25.779,-11.818,15.754,19.507,-4.72,4.58,-16.231,-5.507,-62.731,3.946
130.3258,34.275,-177.349,-13.274,19.864,0.981,4.197,24.583,4.097,-19.869,-13.996,-6.721,13.435
130.52998,34.888,-197.438,-3.218,-33.627,25.674,-2.895,12.822,20.195,-1.743,-9.037,-0.188,-6.741
130.76998,36.974,-191.851,-14.431,-27.775,-0.104,4.187,28.965,18.274,-9.28,-0.674,-27.018,11.106
131.02989,33.096,-172.828,-21.602,-34.903,4.445,-35.364,11.5,7.104,-6.806,5.386,6.74,-3.637
131.27932,41.875,-138.054,17.592,7.109,1.903,14.615,3.091,-5.958,-15.799,-15.982,8.191,-7.533
131.49846,39.09,-193.08,-6.503,-16.583,-12.627,-23.397,15.508,23.641,-5.91,-26.742,-4.672,0.993
131.65696,39.134,-164.118,18.2,-24.913,-15.425,-11.568,14.723,9.294,-28.901,-30.964,4.588,23.93
131.78426,41.311,-173.939,-6.703,-0.14,-1.103,-30.415,-10.335,-3.144,-17.549,0.228,-1.625,2.766
131.9995,34.749,-162.256,-78.599,135.187,-4.73,-34.222,-20.801,55.558,-7.927,-17.513,-31.084,-9.993
132.7385,30.076,-66.609,36.273,-176.301,-1.51,40.183,44.937,-52.479,-17.904,3.961,-0.968,-11.352
132.97347,35.566,-127.872,-46.029,29.196,26.011,-50.95,-8.654,18.61,0.969,32.58,-35.978,-12.177
133.45492,28.021,-0.631,-37.92,16.371,-21.07,-65.658,-1.302,0.088,-12.366,22.772,-7.73,-8.226
133.70317,32.615,-66.893,26.621,-145.019,-10.055,-2.875,28.982,-71.632,-32.77,31.224,-7.705,8.045
133.94095,34.957,-131.914,-58.953,7.876,-9.197,-44.815,-10.777,18.563,-16.868,18.577,-6.973,-6.561
134.24336,31.285,-83.079,-61.756,-69.29,2.913,-16.25,-19.452,-8.2,-6.803,19.014,-30.746,4.959
134.61701,35.774,-97.655,-0.191,-14.256,13.861,45.671,20.749,14.817,-15.673,19.913,-29.961,-0.278
134.88263,35.356,-108.309,-70.99,-7.307,-13.563,-10.459,-20.958,4.133,-19.865,28.127,-44.531,3.804
135.23787,31.131,-69.161,-70.085,-49.744,-14.336,-41.815,-37.281,0.349,-5.984,-1.783,-6.204,-1.22
135.36104,29.646,-29.315,-62.3,20.738,-23.232,-81.032,-28.132,-3.479,-21.227,15.305,2.528,10.846
135.56585,32.284,-38.171,-5.545,-99.93,-4.853,19.566,17.127,-49.912,-36.487,17.77,-34.44,17.487
135.94812,33.416,-155.537,-60.298,-36.26,-4.227,-27.414,-28.69,42.231,-12.815,6.816,5.142,-4.142
136.27941,35.032,-101.259,-65.612,13.36,18.924,-5.114,-35.818,12.669,-20.905,21.962,11.693,-3.046
136.55161,33.45,-55.341,1.662,-83.484,0.468,16.073,-4.265,-41.686,-40.528,30.533,-50.396,16.972
136.76766,34.616,-154.643,-60.377,-22.78,25.285,-17.083,22.408,-23.633,3.441,42.296,-7.749,-15.174
136.90154,32.554,-161.444,-70.373,-62.708,18.017,-37.162,-23.625,27.797,9.509,1.398,7.978,-3.534
137.20154,36.252,-103.145,-52.189,4.989,14.97,34.159,-30.839,23.947,-21.746,14.896,-21.729,4.204
137.55415,34.067,-90.042,-63.974,-53.271,4.622,11.913,2.282,-30.385,-20.204,36.096,-32.528,16.379
137.90785,33.851,-163.631,-55.549,-43.622,45.468,-28.276,-25.146,48.755,7.527,24.727,-4.465,-2.613
138.19252,34.832,-98.453,-63.48,-65.111,17.122,15.933,-13.958,-31.954,-9.976,36.912,-21.463,3.901
138.56694,39.006,-123.548,-32.62,41.545,10.164,8.85,7.406,16.988,-11.566,21.318,-3.585,-4.2
138.8122,37.748,-157.59,-44.004,13.154,-5.034,-11.835,-31.581,25.59,-17.575,-5.648,2.905,-5.688
139.05175,35.204,-100.649,-27.565,-87.467,8.864,14.681,-8.061,-17.438,-25.481,23.829,-30.093,11.466
139.29206,35.474,-157.28,-66.243,-71.432,21.73,-21.51,-16.557,20.44,2.283,32.645,-19.804,0.995
139.55905,33.263,-54.183,-61.713,-37.374,-28.618,-44.933,-9.032,3.544,-20.428,9.473,-3.086,8.785
139.761,42.287,-154.25,-3.726,-4.828,19.107,52.444,9.114,11.48,-4.286,12.496,14.993,-6.8
140.03968,41.083,-121.293,-42.65,48.358,-3.918,12.298,-30.952,15.709,-10.214,-15.502,-5.597,-9.739
140.30481,31.945,-90.473,-47.013,-48.093,5.444,-32.32,-15.56,12.835,-3.929,-10.387,1.573,3.822
140.50599,32.551,-95.35,-82.266,-42.456,-5.522,-24.663,-18.416,-30.85,-12.256,4.328,-10.953,0.919
140.63669,33.097,-104.971,-92.442,-41.027,-32.982,-58.915,-5.037,-0.741,-13.288,15.895,-1.902,5.425
140.71501,38.53,-138.527,-29.761,3.857,7.086,13.831,12.278,24.656,-10.926,10.931,-0.031,-8.208
141.13075,32.073,-24.976,-58.184,25.834,-21.73,-75.209,-27.211,8.649,-18.632,16.812,7.483,1.876
141.49814,27.449,7.54,-14.556,23.411,-27.538,-59.891,10.313,-8.667,-21.745,13.523,-18.576,2.08
141.60172,29.47,-74.62,-77.401,-8.288,-25.347,-8.159,-2.406,4.903,-20.031,52.762,-8.702,7.386
141.86961,32.179,-46.673,27.805,-140.185,5.899,51.956,28.394,-38.202,-30.202,26.476,-47.705,15.381
142.19701,38.705,-135.522,-27.724,-43.253,34.405,34.291,-15.428,28.435,-10.427,18.746,-16.586,0.559
142.52227,34.646,-136.59,-50.355,-11.033,-14.062,-31.293,11.772,-0.05,-3.772,-13.488,-30.396,0.49
142.70966,32.999,-126.213,-59.649,-72.759,-29.669,-10.649,2.537,1.085,-6.873,-13.821,-3.424,-10.838
142.8746,40.712,-107.772,31.87,-159.229,15.676,18.145,15.721,-29.062,-14.548,9.569,-29.306,1.163
143.14839,41.923,-127.242,-2.697,29.865,-4.132,-19.433,-0.921,8.371,-21.259,-22.506,-27.604,3.548
143.38249,44.73,-127.242,-4.436,-5.189,4.697,31.926,-1.182,21.122,-10.601,-3.416,-5.303,-11.032
143.62875,42.64,-148.048,-12.54,-22.191,15.826,13.052,9.355,2.858,-2.916,9.778,8.045,-6.691
143.87025,40.207,-87.871,-40.59,97.17,0.095,-20.792,-36.548,19.195,-5.063,-12.706,-14.794,-6.354
144.38522,30.612,-83.187,-73.545,-32.424,-12.867,-39.697,-28.692,-22.928,-6.541,6.847,-11.617,3.203
144.49356,33.703,-111.41,-64.638,-56.568,-6.566,12.081,0.516,6.275,-9.047,7.717,-20.3,1.781
144.99361,31.598,-34.826,-40.37,44.269,7.964,-51.054,-40.87,42.952,-0.524,-3.794,25.372,-14.496
145.47243,28.724,-90.145,-97.119,-13.291,-37.177,-65.211,-10.412,2.878,-10.18,17.259,4.575,3.526
145.6888,33.164,-75.182,-1.83,-139.298,-15.411,40.324,23.682,-29.512,-33.871,11.188,-55.09,5.272
146.26726,39.986,-135.491,-32.737,33.366,21.217,44.773,-7.809,20.717,-22.055,12.237,-28.227,-5.304
146.72163,35.026,-73.632,0.269,-61.953,1.635,19.68,10.549,3.028,-25.292,0.344,-42.154,11.374
147.27333,31.748,-57.021,-50.886,-20.056,4.347,-24.933,-31.37,-10.309,-22.241,-1.988,-3.669,12.218
147.38132,39.034,-101.731,-12.374,-77.083,8.172,51.152,24.19,-8.197,-17.155,9.893,-37.622,-1.054
147.72612,40.551,-108.42,-45.309,84.875,16.511,33.284,-18.598,55.819,-12.158,-13.877,-1.49,-5.191
148.34753,35.374,-86.992,-9.971,-103.047,7.502,27.715,17.367,-15.63,-19.443,-5.791,-50.596,0.299
148.87401,32.472,-32.474,-53.294,27.316,-22.425,-73.582,-34.108,-0.343,-26.8,24.21,-6.198,8.376
149.24617,26.788,-2.05,-22.123,22.901,4.329,-39.404,-10.229,-26.241,-13.722,0.283,-17.449,7.247
149.3493,30.402,-92.759,-114.695,-7.662,-30.446,-17.368,-9.894,17.107,2.308,5.268,31.991,-8.979
149.70966,36.665,-67.611,-29.323,44.056,4.17,57.45,16.316,43.271,-6.037,35.23,-17.956,-12.093
150.13465,42.151,-71.713,27.943,-76.652,33.84,111.95,23.185,-10.619,-40.26,50.611,-34.185,13.926
150.40336,39.496,-133.923,-26.725,57.775,-17.891,-45.251,-2.434,11.423,-24.426,-10.116,-10.213,-7.43
150.64884,40.127,-105.922,-39.66,73.49,5.435,45.629,-18.374,56.502,-12.497,-3.023,-7.494,-5.02
151.12027,39.452,-108.539,-22.421,35.737,21.193,88.731,2.798,29.965,-28.768,21.14,-35.91,-5.166
151.67841,30.613,-47.169,-40.117,-42.196,-13.648,-32.705,-21.008,-1.25,-13.623,-13.537,-2.217,-5.3
151.78776,35.967,-42.223,-12.467,-20.134,-10.942,-27.417,3.091,-30.528,-26.393,43.646,-28.299,-5.531
152.13778,46.204,-120.253,17.585,7.952,29.337,32.613,-1.145,4.387,-24.617,-13.539,-4.052,0.621
152.36535,38.6,-128.386,-29.559,49.505,0.832,-28.115,-7.644,29.388,-14.527,-13.935,-23.853,-7.518
152.69193,35.399,-67.12,-23.38,-61.936,-4.538,-10.905,0.164,11.281,-9.02,-18.799,-16.995,9.996
152.82327,37.508,-90.794,-18.717,43.169,4.279,-0.072,-14.247,40.133,-27.461,-6.913,-13.628,6.43
153.21256,30.852,-82.779,-101.468,2.148,-32.724,-56.163,-12.155,27.034,-16.392,46.104,22.26,5.428
153.70544,40.507,-73.21,1.799,-11.804,15.187,37.716,-2.599,0.269,-39.683,42.516,-31.057,6.853
153.94921,37.478,-128.05,-2.422,-8.692,33.751,-16.278,-16.601,16.669,-16.938,3.169,-17.654,1.999
154.13474,35.672,-124.564,-33.056,-30.757,7.998,18.399,-2.66,24.64,-12.688,-16.212,-26.012,1.463
154.43687,33.653,-83.267,-20.394,-54.977,-13.358,11.496,23.967,17.448,-16.301,11.34,-7.368,-6.016
154.68599,33.716,-54.43,-25.106,-10.509,-28.868,-56.473,2.438,-36.529,-29.265,30.131,-5.817,7.077
154.74898,35.416,-92.037,-47.785,-3.261,-28.612,5.026,-11.036,59.661,-19.332,-8.435,-25.321,6.102
155.16431,36.969,-94.081,-20.598,-66.114,10.051,58.25,26.375,-49.464,-19.72,20.763,-10.56,8.959
155.50395,39.57,-101.387,-34.314,84.394,4.651,-19.958,-31.293,47.301,-8.998,-12.119,-10.171,-2.76
156.13746,36.797,-66.9,0.425,-89.678,4.368,37.389,26.443,-61.805,-29.655,42.003,-36.198,10.449
156.50113,34.429,-106.217,-44.429,-49.476,13.924,-6.213,-30.719,14.821,-18.234,-8.941,-42.565,12.91
156.83959,28.432,4.104,-22.808,-31.683,-5.904,-48.359,-0.539,1.069,5.927,1.829,-3.005,-17.244
156.93311,38.153,-86.469,30.341,-87.099,29.183,56.682,16.778,-13.569,-16.979,16.558,-57.025,1.474
157.20594,40.137,-165.114,-46.849,30.448,25.59,4.999,-14.469,13.17,-5.972,-1.603,-19.184,-9.763
157.50871,34.527,-85.079,-33.409,-64.137,19.06,-45.946,-12.797,35.041,8.886,-5.132,19.613,0.153
157.68172,42.751,-107.079,14.068,49.493,13.048,-10.584,-4.302,20.935,-22.914,-7.529,-1.135,-2.054
158.08036,35.701,-123.065,-44.876,-16.915,17.154,-15.414,-23.457,1.697,-6.197,0.684,2.425,-9.509
158.43587,40.781,-103.617,6.264,-77.344,27.975,60.43,3.392,-27.178,-25.503,33.4,-52.991,-7.114
158.71351,35.705,-126.324,-4.405,0.287,1.751,-29.26,13.412,26.338,-1.187,-5.927,-19.071,-7.892
158.91556,32.18,-98.673,-55.65,-54.541,-8.148,-28.094,2.807,1.375,-5.811,-1.61,-2.707,-4.247
159.18077,37.473,-135.168,-27.471,33.546,7.236,-16.128,10.078,17.384,-6.149,3.882,8.907,-12.618
159.42803,41.9,-137.053,-3.071,-35.659,28.8,62.908,0.075,6.791,-18.908,6.378,-27.711,-2.898
159.68363,34.44,-108.705,-11.537,3.834,6.819,-37.685,2.733,52.74,-1.539,-11.181,-13.675,-5.245
160.04186,34.089,-89.409,-99.866,-4.346,-23.147,-38.403,-10.303,-2.855,-15.563,4.942,9.369,-1.914
160.18236,33.814,-136.546,-35.428,-8.7,0.52,3.927,-9.169,37.462,-14.207,13.02,-7.581,-1.939
160.43669,31.054,-38.101,-66.052,-48.874,-8.274,-37.992,-33.888,13.054,4.504,-22.275,5.346,-1.729
160.54209,34.496,-79.77,-62.813,13.432,10.49,-17.898,-27.92,-7.229,-12.509,40.96,2.462,-0.884
160.80308,35.44,-89.447,6.056,-123.902,5.424,5.762,17.488,-54.431,-35.786,38.244,-41.056,12.71
161.0893,40.377,-138.674,-16.165,-20.269,7.445,41.609,-8.022,30.335,-4.963,-13.803,-8.603,-8.525
161.35039,33.846,-88.554,-60.143,13.49,13.58,-30.589,-15.159,-29.118,2.313,-10.427,-1.793,5.971
161.47252,33.598,-45.716,-46.865,-21.718,5.676,4.98,-7.472,-19.235,-2.583,-33.936,14.964,-3.205
161.56272,39.668,-118.227,-17.435,55.067,14.303,12.563,-27.373,40.084,-18.633,-10.263,-20.725,-3.242
161.95374,33.606,-116.479,-75.273,19.645,8.264,-27.796,-29.163,20.158,-3.225,-9.051,-1.927,-8.059
162.23873,42.703,-119.37,0.448,-51.647,10.329,49.462,-1.301,11.254,-15.574,14.653,11.42,-15.79
162.45415,44.028,-113.925,10.913,56.722,16.539,-12.999,-8.654,12.148,-7.428,-13.988,-11.798,-5.533
162.72014,45.24,-62.751,70.167,-11.834,27.208,72.393,-11.01,9.942,-22.69,-36.683,3.665,22.305
162.95791,41.822,-98.276,39.098,-43.966,34.332,48.528,-12.857,3.379,-40.285,12.625,-50.683,22.865
163.24662,36.885,-67.354,36.202,-83.428,28.442,41.681,0.274,-4.059,-28.672,9.547,-57.371,27.067
163.74798,35.316,-121.745,-55.757,9.728,7.401,-5.275,-22.743,41.334,-13.987,13.675,-20.416,10.182
164.46268,30.484,36.668,-48.545,41.81,-33.66,-58.354,5.302,-3.94,-16.458,8.353,24.388,0.449
164.93714,29.977,-79.64,-103.963,9.988,-31.211,-61.454,-18.054,28.947,-14.415,30.041,8.603,2.753
165.2234,33.806,-45.774,39.137,-158.933,-0.245,55.019,37.584,-75.656,-38.422,5.043,-54.839,17.215
165.73338,40.716,-138.253,-20.247,-27.574,14.048,13.353,-5.685,21.387,-6.729,-16.523,-36.471,-2.047
166.03465,37.201,-146.417,-16.317,-22.194,-7.328,13.329,2.05,26.814,-17.574,-2.682,8.951,-9.059
166.24957,39.719,-116.352,-43.361,43.521,11.411,30.378,-7.637,49.377,-7.683,0.387,-19.076,-8.507
166.88218,35.684,-53.388,10.972,-102.811,5.249,3.347,13.812,-46.741,-40.67,55.102,-52.562,13.839
167.44535,34.397,-108.57,-5.716,-58.427,18.347,-38.27,-9.296,-21.787,-26.539,25.99,-7.213,10.778
167.71855,35.43,-111.734,-15.653,-17.234,27.222,-36.62,-4.41,-23.158,-8.922,-8.45,5.776,11.532
167.85161,36.681,-121.589,-17.527,-18.579,-5.039,-35.586,0.864,-17.665,-21.799,14.354,-6.57,1.908
168.21011,37.111,-71.083,-25.323,-7.376,-25.397,-7.281,22.037,22.706,-19.183,-21.333,10.954,3.552
168.39746,36.603,-115.863,-59.761,-25.931,3.095,-24.715,-4.45,35.45,-3.134,5.578,-1.264,5.249
168.63093,37.496,-91.766,9.797,-135.853,1.75,15.074,11.542,-43.575,-17.266,12.017,-16.316,0.629
168.92431,43.701,-132.045,10.49,-12.165,5.967,-9.459,-5.019,2.628,-5.698,-10.649,8.066,-15.028
169.15084,42.757,-137.722,-9.446,10.881,1.336,-3.071,-11.495,7.274,-15.139,-12.182,-31.489,-3.562
169.4468,32.771,-116.453,-51.684,-68.791,29.833,-33.922,-25.81,-8.358,4.25,7.006,-7.526,-4.44
169.60975,33.943,-116.653,-61.791,-54.113,31.706,-23.38,-13.415,-34.051,11.709,6.536,-21.834,-7.18
169.77224,36.858,-154.217,-67.867,-36.706,32.339,-45.993,-11.018,-28.213,16.041,16.235,5.703,-4.648
169.89392,37.094,-175.884,-61.34,-25.778,22.967,-49.617,-11.892,20.88,12.108,-6.185,-6.546,-4.181
170.12803,42.517,-118.394,0.728,36.255,21.25,3.568,-2.942,9.831,-9.887,-9.446,-3.262,-5.778
170.61587,40.896,-99.905,35.631,-49.455,9.327,-3.965,5.605,26.466,-19.093,-5.25,-5.815,6.787
170.86073,37.653,-98.053,-6.914,-31.856,26.395,50.609,-19.133,54.518,-19.098,3.725,-61.599,13.817
171.22535,40.208,-54.521,20.231,-1.68,33.005,114.425,-15.48,20.084,-27.54,-2.48,-39.369,20.748
171.54862,42.285,-37.43,65.552,48.004,22.691,5.278,-4.118,-23.693,-17.499,-17.559,-11.316,15.826
171.68789,38.422,-152.37,-11.988,-17.82,18.865,-31.972,0.871,6.033,-4.866,-18.73,-24.288,4.729
171.84018,40.261,-73.872,1.603,72.137,-2.272,2.284,4.485,-6.388,-17.113,-9.143,-27.214,-4.555
172.11991,35.124,-77.799,-12.044,-5.416,31.026,-11.917,-13.802,37.3,-10.766,0.486,14.856,-12.513
172.22399,37.147,-88.458,-42.154,23.476,46.273,-26.367,-20.273,-46.689,-7.586,1.176,9.231,8.089
172.32136,36.878,-129.212,-23.574,9.577,18.164,0.966,-26.986,55.565,-9.818,-1.798,-22.29,-5.322
172.71837,31.419,-61.604,-87.807,17.407,-27.953,-46.401,-10.077,3.759,-29.007,40.117,2.703,2.179
173.0166,38.38,-19.469,87.112,-153.214,11.669,77.558,21.998,-14.927,-41.034,14.551,-37.778,20.545
173.30912,41.777,-125.051,3.757,36.114,11.434,-19.713,-21.389,18.52,-20.256,-5.34,-19.678,-6.641
173.54549,43.002,-117.724,8.641,-13.173,31.636,89.559,13.661,-5.16,-20.162,28.614,-47.063,-0.162
173.89347,38.46,-187.333,-27.336,37.631,25.654,-49.652,-28.463,12.235,-4.218,5.742,-1.758,-16.547
174.0356,39.129,-106.849,44.206,-84.766,30.516,41.701,-0.301,-8.274,-16.378,-24.542,-64.731,4.21
174.38875,37.153,-137.716,-23.26,4.125,6.842,-40.826,-28.142,39.009,-14.208,-1.65,-0.884,-5.264
174.56231,39.461,-98.078,30.351,-75.64,45.803,33.374,-28.046,-27.503,-33.623,35.714,-37.874,13.531
174.84494,37.812,-143.315,-21.132,9.716,18.462,-19.044,-21.48,39.88,-4.38,-2.761,-12.734,-0.23
175.15855,40.369,-41.02,25.748,64.489,38.688,62.965,2.993,2.92,-30.23,30.32,-54.389,16.653
175.5141,35.284,-86.732,-15.747,-61.44,5.301,8.565,6.553,-55.628,-29.984,41.77,-16.714,4.333
175.78041,43.185,-139.922,8.801,22.949,7.248,-3.11,2.079,22.697,-10.32,-10.04,-19.049,-3.556
176.08127,41.489,-114.678,1.995,14.212,23.986,8.975,0.024,-6.4,-15.517,-2.388,-7.38,-5.859
176.28712,36.535,-120.837,-15.58,41.359,22.735,-19.517,-22.843,67.019,-10.49,-10.447,-14.567,-4.408
176.59415,30.477,-44.698,-65.354,-3.89,-21.61,-43.919,3.337,-27.618,-28.503,37.059,-26.424,12.188
176.8737,35.958,-60.501,62.092,-210.775,7.897,31.129,43.886,-60.918,-14.964,29.953,-20.159,2.786
177.1805,40.727,-126.746,-2.779,51.749,-1.929,-50.872,-22.662,4.729,-22.336,-4.156,-8.736,-6.04
177.43569,37.54,-114.944,-40.115,35.903,20.337,19.406,11.838,-7.767,-7.145,5.535,-17.122,-2.848
177.8595,36.169,-133.495,12.165,-124.363,19.537,-3.892,9.435,10.688,-9.679,-3.111,-12.755,-3.961
178.17678,41.387,-193.984,4.528,-19.139,22.873,-16.855,-11.274,-5.755,-8.076,-1.895,2.559,-22.043
178.31197,43.27,-130.558,20.443,43.218,-3.897,9.307,18.627,16.342,-22.558,-28.633,-17.93,12.805
178.45773,39.616,-131.078,42.855,31.293,7.375,-5.02,23.718,15.973,-15.407,-20.669,-10.122,-2.601
178.59002,38.113,-149.032,-18.539,-63.923,4.194,-5.913,28.324,4.553,-23.824,5.602,-43.17,4.743
178.94544,36.197,-134.582,50.459,-11.642,11.585,-10.28,29.3,19.38,-11.141,-17.413,-0.398,-2.104
179.07669,37.793,-105.597,-4.578,13.781,60.142,-91.581,-23.495,-7.693,-5.998,5.223,-1.419,4.34
179.14104,43.586,-139.963,20.431,30.468,24.704,16.734,12.309,4.698,-5.427,1.738,-0.479,-2.435
179.38045,40.805,-99.165,20.544,55.531,44.381,4.135,-1.677,15.497,-14.069,-20.064,12.963,8.818
179.63723,41.304,-157.192,-28.065,26.119,7.295,19.043,15.868,15.396,-6.026,1.415,-20.199,-5.39
179.93088,37.491,-141.285,9.869,-51.268,8.694,0.808,0.855,-1.233,-21.112,-9.469,23.021,-11.732
180.07474,39.992,-99.286,-3.967,18.144,34.166,-0.783,-10.445,14.051,-14.858,7.369,-53.303,20.775
180.36009,32.476,-133.319,-93.586,-52.48,-5.297,-56.137,9.909,25.198,-13.138,7.408,6.805,5.721
180.48703,36.585,-104.714,-46.557,56.339,7.62,-12.965,27.636,61.662,-1.483,-2.497,-34.976,4.847
180.88367,39.784,-121.535,3.233,-45.037,36.199,98.424,21.715,19.511,-25.158,22.083,-10.397,1.301
181.32952,42.689,-117.044,-14.715,22.897,32.36,-47.612,-33.198,6.134,-18.672,11.54,-29.956,7.471
181.84204,41.141,-152.117,-18.903,10.576,33.947,-17.667,-20.155,39.707,-3.816,-6.292,2.614,-10.066
182.31098,44.693,-110.685,5.771,-0.939,15.262,54.953,1.741,18.985,-21.958,-2.328,-5.343,8.421
182.58966,40.748,-146.087,-6.917,10.072,-9.017,-25.581,-3.387,22.003,-35.982,-17.397,-4.497,8.16
182.84408,38.721,-130.69,-21.311,-29.819,35.714,-41.159,-1.883,2.695,-30.889,-6.822,14.372,-13.016
183.00154,41.395,-122.201,-8.758,-7.09,38.289,-84.49,-31.176,-5.122,-19.328,-8.328,-7.039,7.016
183.26943,41.762,-77.479,-4.98,25.408,39.588,-64.132,-16.27,-12.071,-21.999,-12.163,18.366,2.948
183.46889,39.625,-98.245,-52.049,-35.949,9.31,-45.055,18.008,5.605,-10.324,-12.136,-6.019,7.544
183.65206,43.604,-114.61,27.811,10.94,-5.747,6.292,16.021,13.971,-33.862,-19.619,-9.242,23.147
183.80871,40.573,-134.859,11.465,-1.171,23.66,-9.629,10.147,16.144,-14.952,-12.948,-5.58,25.292
183.97723,40.198,-82.195,-40.368,-15.329,40.187,-41.956,-9.348,-37.073,-26.376,10.715,-15.72,24.279
184.27891,39.595,-77.259,-18.09,15.759,-7.923,-17.218,30.229,53.224,-5.693,4.541,-16.151,18.134
184.62984,38.135,-94.057,15.086,-17.578,26.005,-4.103,46.793,15.7,-0.215,22.428,-5.249,0.863
184.85873,39.773,-129.99,-8.243,-52.069,36.19,-21.506,-1.777,13.105,-11.861,-3.681,-21.504,23.129
185.23651,42.681,-113.225,-26.008,29.787,42.969,-71.042,-27.654,15.427,-16.883,1.092,-14.887,8.956
185.74118,41.785,-134.975,-37.432,10.818,40.212,-19.004,-27.795,51.862,-6.381,-8.791,10.309,8.351
186.23637,38.389,-123.23,-71.329,2.908,28.03,-4.946,-34.409,71.113,3.685,21.343,-14.765,7.387
186.86304,37.256,-51.431,-9.068,-49.159,52.417,41.263,-6.567,-28.078,-20.841,31.973,-52.345,17.989
187.1927,41.224,-72.462,28.167,70.157,71.928,-105.962,-51.56,17.164,-5.76,-9.094,-14.234,-10.025
187.27977,40.663,-130.827,-31.027,-19.018,25.887,-29.94,-16.064,15.239,-14.538,14.52,0.619,-19.105
187.46195,42.81,-110.824,28.122,23.085,-16.509,-28.495,33.92,18.792,-19.93,-18.828,0.83,2.223
187.70948,39.846,-126.947,35.904,-23.083,16.636,-37.695,20.821,7.087,-30.185,-11.583,2.713,2.938
187.82508,41.305,-98.306,-13.789,-4.516,35.51,-18.086,14.828,18.451,-8.158,-21.749,-9.693,7.892
188.24376,43.829,-87.517,92.843,-125.43,30.552,-17.716,37.33,19.602,-19.137,8.769,25.368,-0.584
188.42957,50.026,-75.347,74.513,55.614,36.276,-34.925,25.387,-17.625,-7.125,-3.531,2.384,0.796
188.76667,48.153,-103.897,82.945,6.505,40.162,-36.646,29.099,13.854,-20.769,-4.594,14.622,3.009
189.10272,49.141,-74.445,100.095,10.024,51.803,-54.639,4.671,1.619,-11.204,1.752,-0.739,9.746
189.42304,47.511,-74.64,78.282,47.809,43.607,-20.023,19.748,33.823,-3.694,-4.205,-42.028,2.283
189.75868,45.442,-57.33,94.149,3.628,35.312,26.472,48.652,-20.974,-9.948,-3.423,-5.54,6.101
189.93406,49.178,-64.905,72.996,85.737,20.043,-4.508,20.877,5.184,-19.571,-31.344,-16.857,11.111
190.0844,43.772,-95.173,65.582,21.123,10.942,-46.534,23.949,26.402,-10.809,-2.396,15.485,2.417
190.25215,43.176,-105.731,11.935,-14.493,7.939,-28.032,38.364,-7.642,-19.266,-4.55,-11.633,15.216
190.57188,41.323,-126.086,41.998,-12.81,33.869,-29.278,23.971,9.771,-20.247,-5.953,-2.085,15.948
190.71043,42.974,-82.35,41.187,5.136,53.656,-0.962,5.378,-9.102,-11.162,-9.618,-11.995,12.573
191.05374,44.355,-89.032,42.853,30.87,41.595,-77.632,-14.103,-0.61,-11.647,6.493,-8.045,9.208
191.50653,41.197,-113.171,33.71,-20.874,13.558,-36.095,43.631,3.981,-2.643,9.183,0.104,23.696
191.72122,43.406,-83.986,11.204,6.307,27.746,-33.584,25.002,-26.494,-16.609,17.305,-16.922,36.532
192.05161,41.925,-102.81,33.073,13.704,29.012,-43.597,12.801,25.726,-9.101,-5.848,7.215,11.63
192.57084,42.216,-156.104,9.989,-31.523,17.895,-35.157,24.727,3.937,-7.712,5.332,4.639,12.296
192.66181,43.619,-77.993,-0.892,22.737,47.06,-29.669,6.461,13.15,3.972,-16.017,7.323,-0.401
192.99878,42.957,-90.085,19.039,35.865,35.648,-61.37,9.451,6.501,-1.88,10.629,13.853,5.591
193.14408,41.013,-90.138,-19.535,-0.684,16.211,-23.597,31.13,11.364,4.007,-8.665,-23.713,23.446
193.49596,44.226,-131.809,30.885,-9.295,57.71,17.728,-0.687,-4.088,-19.048,-13.086,19.58,6.832
193.64866,42.837,-74.957,-29.555,-1.103,40.593,-35.385,-6.467,-5.935,-18.694,-11.576,-12.144,13.729
193.91624,43.265,-112.54,37.775,-21.029,32.534,-8.671,26.438,-1.669,-21.089,3.461,0.019,17.251
194.03782,45.094,-74.248,16.937,60.142,15.88,-17.965,12.863,28.708,-20.303,-23.19,-25.49,23.231
194.45483,39.715,-105.676,3.248,0.451,29.295,-14.166,-7.681,7.127,-31.875,-1.758,-5.193,9.864
194.59968,41.578,-71.798,-23.283,31.105,64.929,-18.856,-15.408,-8.905,-12.666,12.789,16.33,-5.601
194.91438,41.851,-91.065,21.304,33.497,62.972,-7.628,-4.394,6.602,-15.416,-4.582,39.462,-16.112
195.10376,42.407,-106.359,9.444,-6.791,21.897,-28.334,29.059,2.07,-18.983,-3.989,-4.143,8.922
195.47751,41.804,-92.921,41.34,-31.454,29.383,15.893,17.359,24.193,-29.084,18.001,-21.196,23.009
195.8722,40.483,-84.303,112.741,-31.008,31.555,-14.474,32.053,-1.733,-30.854,3.045,1.858,8.14
196.06268,42.857,-63.898,18.31,0.906,10.94,-46.413,50.515,27.64,-21.322,-26.108,4.625,17.988
196.14109,42.758,-85.626,34.521,26.879,27.306,-29.145,45.541,19.187,-21.505,-1.699,-15.173,6.058
196.45116,42.247,-94.986,47.196,-27.415,52.943,-13.826,11.492,22.803,-33.246,-6.575,-3.635,11.004
196.8878,44.167,-98.871,52.411,19.58,51.458,-51.837,-4.177,5.647,-24.7,-11.909,1.76,5.916
197.05007,42.789,-61.359,3.465,9.03,35.197,-38.426,9.01,6.376,-16.65,2.266,-17.195,19.733
197.38912,37.716,-60.806,43.618,-3.149,26.47,-29.362,36.314,9.321,-21.357,2.168,-4.133,13.723
197.5376,40.532,-43.883,3.202,-8.442,51.545,3.747,-4.198,-21.511,-23.793,24.452,-33.284,15.845
197.86866,43.105,-66.582,39.08,46.288,36.313,24.702,20.499,20.979,-24.737,-4.164,-7.38,25.689
198.46027,42.04,-86.801,70.024,-19.735,47.591,18.715,29.827,1.636,-20.788,-14.104,-9.531,14.472
198.81565,42.382,-89.878,46.219,28.6,58.857,-90.157,-11.427,7.118,-26.697,-15.07,0.764,7.626
199.00671,41.549,-103.044,-10.709,-12.134,28.813,-37.573,31.676,-6.746,-31.557,0.698,-1.964,12.462
199.49923,40.613,-52.635,23.804,-56.852,45.057,-20.523,1.601,-49.394,-15.503,9.032,-5.918,17.737
199.81392,38.156,-82.066,-1.433,-15.921,16.438,-35.493,38.136,29.925,-11.984,4.595,1.202,29.875
199.91859,39.665,-79.603,8.953,0.573,17.804,-17.284,21.009,47.189,-15.114,1.177,-10.289,9.611
200.37778,43.79,-97.93,35.298,-13.323,17.976,-21.159,14.504,-4.358,-28.919,4.369,21.616,13.093
200.47587,43.059,-75.458,-2.406,61.142,56.528,-53.462,-21.152,11.919,-10.024,0.163,6.868,4.96
200.80041,42.911,-90.531,-21.486,10.282,52.113,-33.399,-17.959,19.714,-14.742,23.033,8.166,-0.48
201.28363,42.631,-104.496,-18.383,18.73,37.645,-16.205,-23.305,40.677,-10.054,-9.689,-4.149,-10.019
201.74127,37.732,-97.364,-42.134,-33.854,45.491,19.945,-24.073,41.708,-10.996,46.444,-19.761,3.214
202.41465,39.473,-43.435,-15.967,41.362,76.19,47.381,-36.467,9.1,-8.408,26.962,28.55,-14.51
202.73333,42.468,-76.302,-5.901,53.604,56.316,-2.65,-23.119,31.689,-11.7,27.631,18.276,1.186
203.19882,40.221,-125.79,1.644,-30.77,33.805,-4.727,4.602,17.629,-5.459,21.243,14.84,2.641
203.36766,40.818,-86.444,-42.052,-16.902,48.421,-18.332,-19.261,-4.539,15.829,-13.255,-18.902,15.054
203.7098,39.952,-94.948,8.506,-23.958,67.436,0.008,16.487,-3.244,-19.152,-7.946,-3.356,-1.443
203.88435,42.238,-76.037,12.61,-65.707,39.51,-18.111,24.956,-33.673,-16.153,34.307,-19.211,8.377
203.99864,48.682,-90.861,97.348,30.957,37.85,-3.276,34.164,8.195,-8.522,-21.559,-4.633,-8.25
204.38816,47.774,-64.715,131.845,30.736,66.103,-63.955,5.934,-4.631,-28.338,-4.797,4.947,-1.203
204.64925,49.582,-77.003,144.948,2.739,51.258,-21.699,31.856,0.083,-32.03,5.473,-3.759,-0.808
205.18376,50.072,-50.265,92.574,71.875,51.077,-21.935,8.64,31.077,-12.018,-12.178,-37.6,5.886
205.41701,44.074,-73.578,75.021,-0.133,50.075,-32.213,15.625,6.874,-9.426,5.383,0.639,15.092
205.68794,43.937,-102.834,62.935,-11.677,39.849,-3.394,21.139,15.125,-19.394,-1.136,-20.941,3.463
205.99374,43.029,-105.656,39.191,-21.399,7.777,-39.158,32.526,10.818,-2.916,-0.972,6.912,8.485
206.29741,44.13,-60.78,39.356,48.194,57.135,-21.971,0.292,15.295,-8.908,-19.563,24.887,-1.321
206.4946,41.641,-45.747,106.25,1.034,43.589,-25.363,14.725,-0.844,-11.042,1.252,-0.698,11.885
206.59909,44.088,-83.539,48.668,7.01,31.348,-15.517,6.198,2.857,-7.833,8.585,-8.503,9.106
207.11628,42.775,-96.183,56.521,-15.373,21.17,-26.762,14.869,15.816,-15.402,-1.07,9.559,24.236
207.30803,42.968,-51.709,46.267,8.454,31.956,-42.075,19.124,-4.771,-23.674,11.1,-11.023,33.501
207.58027,42.596,-67.916,15.633,22.244,14.549,-21.511,2.669,26.52,-9.909,5.491,-17.519,26.947
207.87134,39.74,-71.792,20.789,-15.779,23.686,-25.595,16.718,3.248,-4.0,2.863,-8.445,8.04
208.09057,40.502,-88.045,36.974,-33.028,40.108,-32.989,11.603,-8.892,-2.849,-2.181,-1.633,21.804
208.20177,42.711,-82.769,14.877,-47.307,36.249,-34.836,8.933,-5.653,6.11,-12.362,3.076,17.758
208.58431,44.043,-83.197,31.784,9.804,35.306,-57.178,-16.449,4.784,-0.29,3.16,9.285,11.802
209.2981,42.489,-95.653,51.739,-1.941,26.751,-37.993,9.974,27.042,11.271,-2.397,6.76,19.647
209.67683,40.705,-103.014,-27.182,-28.027,-28.972,-33.704,-11.424,-8.698,-19.317,-8.412,22.079,-0.397
209.76381,42.512,-62.039,24.586,-18.47,16.486,-24.599,10.489,-0.112,-6.325,-5.305,10.529,4.711
210.79537,41.885,-73.511,59.322,10.358,38.344,-31.156,-4.143,2.587,4.482,4.171,-10.499,11.73
211.33583,38.266,-100.128,94.188,-16.079,24.194,-5.582,15.142,2.51,-29.373,-21.944,20.026,15.664
211.58617,39.34,-115.906,52.366,24.514,21.603,-14.971,-6.501,-3.952,-42.231,-16.985,-26.65,32.429
211.88136,35.204,-184.651,33.141,-58.989,-4.069,-20.545,21.98,12.249,-31.508,-19.191,16.823,23.938
212.13093,36.868,-164.111,50.836,-12.167,5.6,-33.675,12.449,16.425,-40.259,-14.779,14.134,33.481
212.31274,37.672,-175.293,49.501,-20.11,13.591,-28.793,1.747,9.553,-44.45,-9.27,15.584,36.253
212.4859,38.591,-163.58,37.23,-19.931,21.844,-32.43,0.46,15.967,-45.416,-14.649,16.717,34.699
212.61293,38.539,-148.581,12.561,5.039,23.447,-23.973,3.293,-10.434,-40.992,-12.261,-7.697,39.624
213.41587,34.401,-150.576,14.76,-29.252,29.424,-24.14,-18.876,-2.045,-25.813,-37.511,12.922,22.985
213.73846,38.778,-126.015,9.086,-3.605,22.307,-13.83,5.44,-21.6,-22.459,26.484,-3.047,17.503
214.25542,38.961,-162.846,41.532,9.916,28.386,-26.256,12.284,26.615,-14.258,-10.56,17.15,14.763
214.70866,39.664,-129.555,13.169,19.643,32.447,-5.568,16.74,-30.197,-29.16,13.537,3.434,19.173
215.06336,37.284,-173.375,30.323,3.899,31.221,-14.416,-0.613,17.93,-27.464,-14.45,1.28,16.611
215.67175,35.112,-155.539,32.354,0.338,35.773,-20.109,3.33,-5.976,-23.5,-21.854,2.502,23.801
216.21306,34.727,-198.838,27.252,-16.361,6.942,-34.645,9.087,11.738,-27.547,-10.153,8.868,23.912
216.30599,35.167,-181.242,47.38,-21.748,31.131,-41.117,-0.624,37.711,-20.455,-10.759,18.609,14.184
216.68272,36.94,-163.987,-19.607,26.053,17.696,-16.818,10.953,-20.154,-18.384,0.061,-1.051,17.837
217.09356,31.41,-178.814,-33.872,-7.302,23.984,-52.433,-25.647,34.165,2.176,-13.07,11.565,1.594
217.4351,28.547,-127.606,-53.366,-45.477,17.311,-37.62,-35.843,-4.692,5.996,-4.095,9.083,0.412
217.52998,32.77,-124.917,4.325,-37.15,44.137,-16.722,-24.147,5.414,-6.018,-7.723,-5.699,9.011
217.78045,34.095,-190.933,-17.764,-66.843,49.291,-7.823,-13.108,-0.859,-10.512,1.815,-6.841,-1.768
218.05202,34.84,-175.754,-19.882,-61.807,97.749,-33.889,-31.61,-10.727,-10.468,16.699,-1.959,12.42
218.20404,44.557,-87.648,104.291,-15.043,32.236,19.505,-7.201,0.95,-41.653,-24.133,28.536,10.838
218.41887,46.777,-85.588,106.413,-9.259,34.056,-28.449,-33.473,3.915,-46.09,-17.663,21.804,9.906
218.72621,47.688,-106.787,40.779,16.917,15.589,-18.215,-9.848,-5.21,-25.466,-30.986,-16.991,14.141
219.05592,46.466,-135.453,109.723,-11.963,63.318,16.129,-3.718,2.681,-28.934,-18.058,10.85,16.313
219.40063,44.976,-116.299,86.07,-17.219,44.583,5.888,-11.647,3.966,-35.534,-28.393,-1.544,22.285
219.8005,43.652,-141.977,57.7,-18.904,7.986,-21.356,7.405,6.053,-41.341,-10.861,6.588,33.809
220.00771,43.361,-141.933,60.054,6.748,14.642,-21.375,-1.439,5.698,-42.933,-14.201,8.098,33.226
220.22993,41.828,-156.404,58.925,-8.712,16.492,-28.656,-3.483,1.704,-42.337,-12.92,10.33,35.378
220.6542,39.493,-150.02,6.275,46.602,9.077,-23.168,2.55,8.633,-37.997,-7.279,-22.229,35.99
221.21175,39.429,-153.527,32.021,-3.048,13.903,-5.403,3.246,4.206,-22.954,-4.405,22.605,6.715
221.41796,39.629,-154.188,5.866,-15.982,13.632,-23.747,-4.0,-1.483,-3.506,-12.668,-13.046,10.531
221.67868,41.159,-146.132,13.916,-37.295,3.947,-30.823,17.447,5.123,-9.098,5.942,4.817,8.055
222.22757,42.466,-170.766,23.522,-1.945,12.247,4.983,14.957,32.443,-19.251,-19.412,-4.606,23.367
222.71868,34.826,-209.909,-45.236,-88.728,13.857,-33.227,7.306,-19.215,0.862,13.236,-3.715,-9.769
223.23002,36.546,-210.622,-6.504,-55.505,15.112,-39.783,15.376,1.055,-9.469,-3.465,4.36,-6.286
223.57401,38.361,-172.005,-24.237,6.177,9.346,-52.628,14.527,-22.28,-3.749,2.327,8.128,1.257
223.88685,37.479,-184.432,6.88,-23.437,-7.651,-41.576,35.01,11.528,-11.309,-5.481,9.513,2.762
224.54807,38.746,-169.064,-7.994,-22.218,6.097,-22.599,35.61,-25.245,-11.854,-17.138,-8.307,13.875
224.89714,38.614,-207.87,-29.82,-14.319,28.972,-27.143,-13.829,-5.889,20.503,-8.186,-12.349,-12.365
225.21075,35.746,-211.454,-13.877,-30.268,27.365,-27.975,-10.947,21.087,10.877,-9.733,1.749,-9.807
225.37873,37.964,-124.3,101.281,-22.416,55.615,-4.217,21.403,1.006,-16.663,-13.707,21.569,16.294
225.57469,35.225,-127.346,-52.201,61.222,-16.128,-92.113,10.377,-0.053,-14.667,2.268,-17.658,16.176
225.70961,37.467,-145.281,63.996,-83.966,11.475,4.123,34.632,14.534,-35.873,3.839,24.463,18.074
226.41741,42.604,-168.118,32.45,-6.378,3.979,-37.138,9.303,18.252,-28.286,-15.035,-4.246,20.717
227.06172,37.038,-168.651,4.053,-42.837,-0.537,-21.132,14.75,5.739,-7.698,-11.285,1.931,7.246
227.18594,38.582,-146.362,12.035,-41.708,-2.361,-35.307,7.65,16.596,-9.123,-5.638,2.32,9.679
227.56023,41.397,-160.481,-4.87,9.885,-9.329,-12.608,3.545,-5.458,-12.134,-14.629,-1.735,-13.539
227.76249,39.195,-173.467,31.561,-25.544,7.865,-31.859,9.74,5.827,-14.6,-8.613,0.381,-0.259
228.05279,41.602,-150.955,30.733,-31.179,-3.651,-14.432,5.801,-0.848,-19.608,-18.952,10.325,-3.356
228.30993,42.957,-160.119,19.457,0.138,11.751,-33.827,-6.312,0.635,-14.464,-3.73,-9.643,-11.554
228.54245,41.63,-186.598,-6.789,5.193,-2.465,-39.836,-2.915,-7.157,-10.469,-4.89,-1.194,-0.937
228.79002,40.012,-171.02,-3.694,7.192,-0.953,-9.642,1.543,18.631,-8.381,-12.197,-6.283,-9.914
229.02508,34.436,-159.919,-22.423,-58.107,-21.463,-19.004,20.327,19.22,-21.95,-10.215,-12.203,15.623
229.26952,35.943,-161.2,-7.751,-68.623,-3.718,-14.896,-12.522,17.018,-22.839,3.207,11.454,9.054
229.52404,38.87,-185.358,1.771,-21.538,-0.686,-24.871,6.904,16.052,-9.889,6.723,-10.146,-1.013
229.77669,39.08,-181.083,18.977,-32.903,9.732,-24.672,2.122,14.666,-9.46,-2.042,-10.479,-6.216
230.23061,38.827,-176.254,-15.818,-49.631,10.766,-26.895,2.548,16.688,-3.262,2.68,-6.01,-2.745
230.48041,41.839,-186.284,15.446,-14.219,15.4,-14.313,15.338,2.659,-3.392,-10.623,3.566,-5.433
230.73701,40.113,-193.184,-15.741,-6.596,-2.709,-25.503,-16.255,9.64,-18.488,-11.254,-7.49,-7.768
230.99828,38.437,-179.39,-3.999,30.0,17.178,-21.085,-13.992,14.538,-7.235,-5.689,-7.403,-9.8
231.33873,32.015,-153.421,12.747,-5.342,40.368,-27.422,6.821,-7.206,7.129,-11.492,-11.107,-11.683
231.83991,35.237,-151.732,48.244,-115.204,22.141,11.582,7.005,-2.143,-8.147,-0.689,-24.824,-2.173
232.45383,36.574,-203.853,-48.095,-15.805,32.609,-12.797,-11.772,21.037,14.312,6.472,-20.96,-4.232
232.72807,34.946,-152.184,-15.507,-10.722,10.567,3.735,16.633,7.186,-6.134,4.334,-5.346,-5.419
232.9429,32.509,-156.021,-11.052,-63.792,5.112,-16.018,13.898,-3.804,-7.204,1.705,-11.201,-6.324
233.20358,36.864,-179.057,7.776,-25.297,13.204,-6.066,-10.726,9.5,-8.645,-10.965,2.293,-9.418
233.44354,36.343,-177.883,-3.56,-61.215,-16.467,-33.17,8.539,-6.774,-19.887,7.644,-1.871,4.437
233.76707,37.882,-178.783,12.25,-5.548,5.813,-27.355,-2.141,8.345,-13.498,-16.432,-16.455,10.12
233.94626,41.296,-126.563,45.126,-7.006,10.756,8.532,9.813,3.427,-19.463,-13.264,-0.362,3.989
234.44023,42.367,-91.181,105.951,-86.32,35.955,77.104,46.051,9.894,-36.506,1.153,15.374,24.751
234.58535,48.597,-88.292,93.428,-2.06,8.549,-20.302,28.742,4.877,-33.658,-21.061,0.124,36.683
234.96812,46.307,-153.846,57.455,-37.304,11.928,-4.838,23.175,10.4,-19.965,-16.818,22.882,10.107
235.15569,48.294,-131.024,60.484,21.316,15.244,-15.337,16.034,4.188,-23.39,-19.958,-23.839,22.392
235.44943,45.888,-119.545,56.51,-63.789,12.298,34.487,26.581,14.628,-14.105,-5.109,28.643,-4.475
235.98853,46.71,-165.64,36.875,-10.233,10.88,-28.736,16.406,-1.056,-22.316,2.273,9.327,9.179
236.12921,48.967,-143.768,60.684,-14.221,16.539,-26.998,12.066,-0.125,-13.795,-11.587,5.86,-4.141
236.22327,49.014,-136.318,48.131,35.009,18.59,-11.246,3.391,5.43,-16.086,-17.427,-34.45,3.81
236.53628,45.527,-134.257,30.252,-33.29,-2.557,-3.137,-0.622,1.113,-22.144,-5.78,20.148,-4.975
237.11714,42.686,-144.023,53.223,-3.616,19.763,-23.602,23.277,0.548,-10.709,-9.571,14.247,7.243
237.48159,42.004,-155.669,56.369,8.227,17.756,-58.557,13.281,-5.694,-16.536,1.712,8.486,1.451
237.55166,42.636,-140.205,50.095,15.216,13.389,-30.975,9.388,-9.44,-17.533,-8.077,-5.277,-3.312
237.71438,41.728,-142.703,43.805,31.282,15.649,-15.42,10.345,-13.096,-16.329,-20.619,-11.032,2.519
237.91683,33.251,-153.24,-29.838,136.545,29.765,-20.724,-16.388,55.899,-9.329,-28.9,-49.556,6.544
238.54363,16.137,-86.351,7.788,-8.914,95.352,-48.584,8.585,24.415,-35.237,-2.274,-11.142,-4.132
238.68463,16.032,4.538,-33.437,-1.951,40.295,-12.233,-2.559,-17.744,5.344,-1.478,-13.168,-5.553
238.84091,38.786,-155.527,27.286,-68.324,38.633,57.204,-3.607,-9.055,-17.155,21.397,-19.757,-5.471
238.99116,43.448,-101.066,86.125,18.56,19.376,-22.019,2.922,17.872,-30.768,-22.435,3.89,13.539
239.18281,40.67,-93.53,76.264,26.764,-2.285,-24.822,32.563,5.94,-35.342,-16.62,-11.814,24.193
239.53066,39.088,-156.949,56.146,-14.921,11.73,-23.666,19.658,5.723,-28.787,-1.164,-1.022,16.367
239.93084,38.393,-153.642,43.718,-1.159,-1.137,-34.624,23.313,8.41,-25.529,-16.749,-0.091,16.73
240.68091,36.22,-170.324,28.677,-16.693,-7.505,-32.436,25.793,6.594,-24.361,-11.195,1.949,15.579
240.8317,36.373,-156.496,40.121,-27.553,-11.235,-33.435,28.81,18.105,-24.243,-16.8,2.138,14.629
241.41252,35.96,-159.337,27.313,-18.795,-17.266,-33.218,27.831,12.184,-25.619,-19.177,0.733,14.183
241.75265,33.686,-174.129,17.259,-8.225,-6.24,-16.407,26.067,15.002,-18.468,-20.729,-13.996,13.555
242.1776,32.607,-167.376,16.862,-39.958,-5.881,-21.794,28.699,11.645,-27.843,-8.532,4.424,11.11
242.52712,31.571,-174.346,1.842,12.46,-4.503,-21.639,24.035,9.752,-20.31,-12.625,-12.86,16.077
242.81556,29.385,-189.222,-4.451,-25.1,-4.002,-32.941,19.108,13.411,-26.159,-15.114,-0.999,9.815
243.07837,30.558,-167.487,19.597,-41.337,-4.615,-21.067,28.565,7.733,-28.881,-15.081,4.576,11.37
243.47329,18.211,-36.215,-80.418,208.276,0.556,-94.872,-46.016,180.536,0.778,-64.362,4.824,-4.744
